N_MACHINES:X	N_JOBS:200	CHARGING_TIME:5 (min)	INITIAL_CHARGE:200(a-h)	
D:[				
1.54
1.54
1.54
3.63
3.63
3.63
3.63
3.63
3.63
3.63
3.63
3.63
5.72
5.72
5.72
5.72
5.72
5.72
5.72
5.72
5.72
5.72
7.80
7.80
7.80
7.80
7.80
7.80
7.80
7.80
7.80
7.80
7.80
7.80
7.80
7.80
7.80
7.80
7.80
1.54
1.54
1.54
1.54
1.54
3.63
3.63
4.67
6.76
6.76
6.76
7.80
7.80
7.80
7.80
7.80
7.80
7.80
7.80
3.63
3.63
4.67
4.67
4.67
4.67
4.67
4.67
5.72
5.72
5.72
5.72
5.72
5.72
5.72
4.67
4.67
6.76
6.76
6.76
7.80
7.80
7.80
7.80
7.80
7.80
7.80
7.80
8.85
8.85
8.85
8.85
8.85
8.85
8.85
3.63
4.67
4.67
4.67
4.67
4.67
4.67
5.72
5.72
5.72
6.76
6.76
6.76
7.80
7.80
7.80
7.80
8.85
8.85
8.85
8.85
8.85
8.85
8.85
8.85
5.72
5.72
5.72
5.72
5.72
6.76
6.76
8.85
8.85
8.85
8.85
8.85
8.85
8.85
8.85
9.89
9.89
9.89
9.89
10.93
10.93
10.93
10.93
10.93
10.93
10.93
10.93
10.93
4.67
4.67
4.67
4.67
4.67
4.67
7.80
7.80
7.80
8.85
8.85
8.85
8.85
8.85
8.85
8.85
10.93
10.93
10.93
10.93
10.93
10.93
10.93
10.93
10.93
11.98
11.98
11.98
11.98
11.98
11.98
13.02
13.02
7.80
7.80
8.85
8.85
8.85
8.85
8.85
8.85
8.85
8.85
8.85
9.89
10.93
10.93
10.93
10.93
10.93
11.98
11.98
11.98
11.98
]				
w:[				
2.04
2.04
2.04
4.13
4.13
4.13
4.13
4.13
4.13
4.13
4.13
4.13
6.22
6.22
6.22
6.22
6.22
6.22
6.22
6.22
6.22
6.22
8.30
8.30
8.30
8.30
8.30
8.30
8.30
8.30
8.30
8.30
8.30
8.30
8.30
8.30
8.30
8.30
8.30
2.04
2.04
2.04
2.04
2.04
4.13
4.13
5.17
7.26
7.26
7.26
8.30
8.30
8.30
8.30
8.30
8.30
8.30
8.30
4.13
4.13
5.17
5.17
5.17
5.17
5.17
5.17
6.22
6.22
6.22
6.22
6.22
6.22
6.22
5.17
5.17
7.26
7.26
7.26
8.30
8.30
8.30
8.30
8.30
8.30
8.30
8.30
9.35
9.35
9.35
9.35
9.35
9.35
9.35
4.13
5.17
5.17
5.17
5.17
5.17
5.17
6.22
6.22
6.22
7.26
7.26
7.26
8.30
8.30
8.30
8.30
9.35
9.35
9.35
9.35
9.35
9.35
9.35
9.35
6.22
6.22
6.22
6.22
6.22
7.26
7.26
9.35
9.35
9.35
9.35
9.35
9.35
9.35
9.35
10.39
10.39
10.39
10.39
11.43
11.43
11.43
11.43
11.43
11.43
11.43
11.43
11.43
5.17
5.17
5.17
5.17
5.17
5.17
8.30
8.30
8.30
9.35
9.35
9.35
9.35
9.35
9.35
9.35
11.43
11.43
11.43
11.43
11.43
11.43
11.43
11.43
11.43
12.48
12.48
12.48
12.48
12.48
12.48
13.52
13.52
8.30
8.30
9.35
9.35
9.35
9.35
9.35
9.35
9.35
9.35
9.35
10.39
11.43
11.43
11.43
11.43
11.43
12.48
12.48
12.48
12.48
]				
