N_MACHINES:20	N_JOBS:300	CHARGING_TIME:60	INITIAL_CHARGE:10
D:[
52
20
22
33
24
28
19
34
23
29
45
8
26
25
24
27
31
42
27
24
66
27
17
36
41
41
1
24
52
29
43
42
19
47
37
15
33
38
23
23
0
39
6
30
67
59
21
13
18
71
27
31
45
14
11
31
46
26
33
28
17
10
12
18
46
32
17
3
52
19
44
14
42
12
9
31
26
8
44
51
48
45
49
21
20
31
11
15
26
25
33
19
49
41
43
23
36
24
36
60
26
15
7
36
41
24
17
36
40
35
49
20
9
11
49
66
43
41
10
18
34
29
24
5
16
66
51
0
38
10
35
13
30
31
27
12
7
8
8
25
38
40
45
34
42
0
4
27
29
23
4
28
40
43
46
41
29
37
39
16
59
8
0
28
40
42
28
34
35
0
11
42
17
29
19
43
17
35
37
0
48
58
12
32
33
40
28
33
30
20
29
29
31
14
35
38
31
57
26
0
10
11
42
27
23
14
30
12
25
51
30
19
36
47
19
25
26
36
27
22
19
13
18
17
35
31
44
27
9
29
27
36
33
27
33
44
24
32
14
1
30
22
29
10
40
24
20
37
33
66
51
49
37
0
24
33
45
27
25
24
66
63
26
34
46
29
50
35
18
66
12
30
27
22
43
15
37
6
35
13
11
27
9
34
39
1
35
44
12
16
51
50
29
56
43
25
1
47
52
21
]
w:[
4.6
3.6
1.5
4.9
5.7
3
4.3
5.4
6.9
0.6
5.9
5.8
4
3.3
1.1
2.6
5.2
4.1
1.8
0.1
0.7
3
6.1
3.4
4.6
3.8
4.9
5.7
2.5
5.6
4.4
2.5
2.6
5.1
5.4
2
1.1
4.4
0.9
5.7
5.1
5.7
6.6
3.1
4.5
5.7
6.1
5.3
7.7
7.4
1.8
0.3
5.1
2.2
2.6
7.6
5.3
0.4
3.1
7
3.5
2
0.7
3.4
4.2
0
4.8
4.6
1.1
3.9
3.1
4.3
1.6
3.6
4
2.1
4
2.5
0.8
5.3
5.5
4.1
4.5
4.6
0.8
7.4
2.3
6.8
3.6
7.2
4.9
6.4
6.2
6.7
0.8
3.8
5.8
6.4
3.3
5.5
7
5.3
2
3.5
4.3
4
4.7
5.4
2.1
4.4
3.4
4.8
2.4
5.7
1.4
4.5
6.6
5.5
6.4
6.9
5
3.7
5.5
2.6
4.5
4.2
3.6
5.7
2.6
2.1
5.6
5.6
4.2
7.3
2.8
7.4
7.6
4.7
3.6
6.9
3.8
7
4.3
2.6
6.9
6.1
2.2
5.5
2.6
4.5
6.5
2
5.3
3.4
1.8
7.4
4.3
1.8
2.2
0
1.7
2.3
2.6
3
1
1.8
3.1
3.3
4.1
5.2
2
5
5.2
0.3
3.3
1.9
7.3
1.4
5.4
4.2
4.9
3.9
1.8
6.5
6.3
8.7
4.5
3.6
3.4
5.5
1.8
4.6
1.8
3.5
2.5
7.3
3.1
6.8
1.9
4.9
4
0.7
4.1
5
3.1
2.4
3.9
1
1.3
5.9
2.7
3.4
2
0.3
4.2
5.9
6.7
2.6
6
2.4
6.1
2.3
7.5
6.8
0
4.6
3.3
3.7
8.8
4.2
5.5
7
0.8
5.7
7.5
0.7
2
3.8
5.6
4.7
4.7
1.3
2.5
2.5
0
4.1
3
4.4
4.8
5.1
5.1
0.7
2
0.8
4.7
7.8
2.5
0
7
6.5
1.4
2.7
3.2
1.8
0.5
2.8
8.3
3.2
4.5
2.8
6.4
1.2
0.3
3.7
2.3
0
3.7
0.9
2.4
2.6
3.7
0
6.7
3.7
0
2.8
8
4.9
5.1
3.9
3.2
6.1
3.8
6.2
2.3
4.1
8.9
0
6.1
5.4
]