"N_MACHINES:20	N_JOBS:300	CHARGING_TIME:60	INITIAL_CHARGE:10"
D:[
50
35
45
40
26
15
33
49
44
41
33
3
16
24
12
45
11
42
0
42
47
58
33
39
42
33
43
61
28
45
30
0
27
35
30
24
50
36
39
28
47
26
14
32
33
2
43
34
41
17
47
9
27
34
10
31
2
6
31
32
39
0
14
37
7
21
47
17
24
31
22
39
33
15
53
19
28
9
49
10
41
32
25
34
19
24
53
34
25
0
29
62
36
26
16
0
20
13
45
15
32
28
43
5
36
39
21
24
18
41
24
39
44
62
33
16
32
28
5
28
33
36
20
15
51
45
6
25
53
23
24
33
24
46
66
61
20
44
46
28
36
23
46
22
30
14
53
3
32
29
20
28
50
57
17
18
32
0
7
38
55
40
17
33
53
19
35
54
34
14
29
54
35
28
47
29
40
10
38
18
31
22
1
0
68
16
30
13
27
13
61
13
47
41
50
12
47
35
45
56
39
50
46
63
46
57
21
20
36
10
28
26
41
29
42
38
27
36
33
36
9
47
67
29
57
66
25
49
11
50
49
43
12
22
27
23
16
55
14
49
48
19
15
10
13
43
27
42
16
41
44
38
34
40
31
7
47
29
24
31
23
28
53
31
33
32
4
49
34
26
28
68
0
68
45
24
8
27
31
25
34
40
30
36
31
37
45
21
21
13
30
44
32
20
26
25
25
51
42
37
]
w:[
1.4
1
1.1
0.5
0.6
1.3
1.6
0.5
0.5
0
2
0.4
0.9
1.2
0.4
0.9
1.3
1.5
2.3
0.9
1.5
0.4
0.6
1
1.3
1.2
0.8
0.8
1.3
1.2
1.3
0.8
0.3
0.8
1.6
0.3
0.3
0.7
0.9
1
0.6
0.8
0.3
0.7
1.4
2
1.1
1
0.9
1
0.9
0.5
1.1
1.5
1.7
1.3
0.9
1.1
1.3
0.7
1
1.7
0.9
0.3
0.7
1.6
0.7
0.8
1.6
1.2
0.8
0.9
0.4
1.7
1
1.3
1.2
1.8
0
0.9
1.3
1.7
1.1
1.2
0.6
1.1
0.8
1
1.1
0.9
1.2
0.9
1.6
0.8
0.8
1.3
0.4
0.8
0.5
0.9
1.8
0.8
1.3
0.4
1.2
0.9
1.5
0.7
1.2
0.3
0.9
1.8
1.1
1.7
1.2
0.9
0.2
0.8
0.2
1.1
1
0.3
0.6
0.6
0.7
1.4
0.8
1
1.2
0.1
1.5
0.9
1.1
1.1
0.7
1
1.7
0
0.2
1
0.3
0.2
1
0.4
0.8
1.6
0.8
0.9
1.6
1
0.9
0.4
0.4
1.4
1
1.4
0.3
1.9
1.3
1.4
0.5
0.6
0.8
0.1
1.4
1.3
0
1.6
0.7
1.2
1.4
0.8
0.1
1.2
1.3
0.7
1
0.7
1.3
0.7
1.1
0.9
0.7
0.4
0.9
1.1
2.1
1.9
1.6
1.4
0.4
0.8
0.5
0.5
1
1.2
0.1
1.9
1.5
0.6
1.5
1.1
0.6
1.6
1.2
1.2
1.3
1.7
1.5
1.2
1.4
1.9
0.6
0.7
1.1
1.3
0.5
0.9
0.7
0.9
1.4
0.8
2
0
1.4
1.1
1
0.5
1.4
0.8
1.4
0.5
1.4
1.6
0.6
1.8
0.5
0.8
1.1
0.4
2
1.1
1
1
1.8
2.2
0.9
1.2
0.2
1.4
1.2
1.2
0.9
0.6
0.9
0.7
1.6
1.3
1
1.1
0.4
1.4
0.4
1.2
1.1
1.6
0
0.8
1.3
1.3
1.5
0.6
0.3
1.4
0.7
1.3
0.8
1.7
1.3
0
1.3
0.9
1.7
1.6
0.5
1.2
1.4
0.8
0.9
1
1
0.5
0.4
1.4
1.7
1
1.2
1.2
1.1
1.1
]
