"N_MACHINES:20	N_JOBS:300	CHARGING_TIME:60	INITIAL_CHARGE:10"
D:[
31
48
20
39
23
22
24
5
3
20
28
28
36
25
34
26
27
34
24
5
29
38
21
29
40
47
20
45
32
20
16
27
1
21
43
0
27
11
23
37
30
44
26
57
22
39
19
15
30
50
17
36
0
47
15
37
20
25
26
1
28
8
17
40
23
33
26
24
68
34
50
37
22
14
25
21
22
44
44
34
39
18
11
52
31
4
14
19
31
26
24
22
37
23
31
30
32
11
8
8
62
44
40
26
22
34
15
61
11
45
47
14
34
43
65
20
22
22
34
42
24
25
26
27
20
18
18
56
32
22
7
33
24
66
35
13
20
0
13
27
48
53
54
17
43
27
40
19
42
22
8
23
49
47
34
20
32
30
14
27
50
23
39
2
50
12
28
61
7
43
36
36
49
62
28
35
23
43
59
22
27
28
26
38
47
34
27
43
13
19
9
54
38
67
38
27
34
31
22
47
43
0
38
46
35
7
33
62
32
17
30
46
42
40
42
25
39
43
29
1
24
20
38
6
31
46
17
40
20
45
36
22
6
33
45
38
46
28
21
28
54
14
19
30
36
39
12
41
27
18
47
4
21
51
19
44
48
28
36
17
40
28
41
12
24
51
30
18
40
32
29
21
27
43
22
23
26
7
18
53
6
54
16
31
21
6
40
50
44
7
40
12
34
38
37
31
40
9
23
40
]
w:[
3
1.5
2.1
2.8
1
0.6
1.5
2.7
3.4
2.5
0
1.8
1.4
0.2
2.6
0.3
4
1.7
1.4
1
3
2.2
2.7
2.1
2.4
2.7
2.2
0.4
2.6
0.8
0.2
1
4.2
3
1.7
2.4
3.1
2.3
1.9
2.9
2.5
1.2
2.6
2.6
1.6
3.4
1.7
0.2
2
4.1
2.6
1.2
1.3
1.3
0.8
1.5
1.9
2.5
1
3.8
1.3
1.5
2.5
1.8
1.4
2.2
0.9
2.5
2.6
4.8
0.9
2.7
0.8
2.1
2.5
2.6
2.1
2.4
2.4
2
0.9
2.5
3.6
0.5
0.4
0.2
0.4
1.3
1.6
1.7
0.8
3.5
2.2
2.9
2.2
3.2
3.1
2.2
2.9
1.5
1.4
3.9
1.8
2.5
2.4
1.7
1.8
0.8
3
1.5
0.8
2.4
2.7
1.9
0.9
2.3
1.4
2.9
0.4
1.5
3.5
3.7
2
1.5
0.1
2.3
3
2.2
1
1
2.1
1.1
1.7
0.8
1.5
3.1
2.2
1.5
1.1
1.8
2.2
1.7
2.8
1.9
1.8
3.7
0.8
2.3
1.7
0.5
4.3
1.9
3.8
0
1.6
2.3
1.8
0.8
2.3
0.4
2.5
1.1
2.2
0.9
0.1
1.7
0.5
0
2.2
2.3
2.3
1.2
2
3.3
3
2.4
2.1
0.1
1.1
1.6
2.4
2.2
1
0.5
1.8
1.7
2.7
1.1
1
2.3
0
2.4
3.4
2.8
2.5
0.9
0
1.1
3.5
2.7
2.1
1.5
2.6
1
1.3
1.6
4
2.8
1.1
1.5
0
1.4
2.1
1.8
3.2
2.3
3
2.8
2.1
1.7
0.7
1.3
1.8
0.9
1.6
2.8
3
1.6
3.3
1.2
0.7
1.7
0.5
2.6
0.6
0.8
1
2.6
2.9
3.4
2
2.8
2.4
0.2
1.6
1.2
1.5
1.9
0.5
2.5
1.2
1.2
2.1
3.4
1.5
2.5
2.8
1.9
4.1
2.6
1.8
0
2
2.4
2.7
2.2
1.2
2.3
2.3
1.5
2.7
3.1
1.9
1.6
2.2
0.9
3.3
1.4
2.4
1.4
0.8
1.7
0.9
0
2.5
2.5
3.8
3.1
0.3
1.2
2.2
2.2
0.1
0.2
3.1
2.5
0
1
2.9
2.6
]
