N_MACHINES:20	N_JOBS:300	CHARGING_TIME:60	INITIAL_CHARGE:10
D:[
29
11
37
33
27
4
41
44
76
15
41
36
42
47
41
14
26
42
22
36
28
19
32
19
30
44
33
41
43
40
25
35
22
36
35
43
33
22
34
56
48
30
41
28
5
32
15
39
25
22
35
52
23
28
33
37
44
8
20
14
20
2
35
23
18
24
19
40
36
64
25
25
28
30
0
35
29
21
42
11
34
7
40
19
29
27
50
41
30
67
5
19
42
41
26
33
44
42
28
31
24
44
54
50
35
5
17
23
40
34
21
7
46
28
55
5
45
11
54
71
38
24
50
35
35
40
11
27
33
7
20
37
14
56
49
6
33
44
25
32
42
24
30
37
1
15
12
13
38
37
33
10
11
26
48
33
18
33
0
25
34
46
60
41
31
23
36
0
15
49
9
49
20
68
53
0
50
25
13
27
46
40
30
31
61
17
26
25
32
21
25
31
39
22
44
33
21
29
9
34
20
18
59
39
22
21
42
18
43
12
27
38
25
17
22
12
12
44
32
58
18
39
41
10
38
18
43
38
27
54
13
61
7
28
11
7
28
21
64
32
42
26
22
7
0
5
47
38
14
35
13
46
34
25
43
11
31
33
14
7
29
15
27
55
26
17
29
7
16
46
40
19
26
26
41
23
40
41
25
5
21
44
36
21
28
48
13
44
23
53
34
33
10
23
55
18
17
10
22
13
]
w:[
4.4
4.4
7
3
4.3
2.3
3.6
2.4
4.3
2.7
5
6
4.1
3.2
1.1
3.3
4.3
4.2
7.1
9.8
5.7
6.6
4.4
5.3
3.4
4.4
3.7
6.8
6.4
0.3
8.1
4.5
1.4
3
3.3
1.8
6
7.5
4.5
3.5
7.1
4.5
2.8
5.1
1.8
5.3
4.4
7.7
4.5
2
7.5
1.6
6.7
1.5
2.4
3.4
4.6
4.2
4
4.6
5.4
4.7
2.8
2
8.7
2.4
8.7
4.4
1.1
3.6
4.5
2.7
5.3
7.5
6.9
5.6
6.2
3
2.1
2.9
6.1
0.5
2
4.3
8.3
3
4.3
4.7
1.6
4.8
0
2.3
4.7
1.8
3.8
5.4
4
0
4.5
4.3
4.5
4.9
6.3
6.6
3
7.4
0
3.7
4.3
3.5
5.9
6.7
2.3
3.1
5.4
3
4.1
4.7
2.4
3
0
5.9
3.3
4.9
3.6
4.7
2
5.3
6.8
9.7
3
0.4
3.5
9.2
1.6
5.6
2.7
3.5
1.4
5.7
1.5
2.1
7.4
0
5.6
1.8
6.1
3.4
0.9
2.8
5.2
4.6
5.8
1.6
1.3
0.7
5.9
4
3.5
5.3
5.4
2
3.3
5.5
5.5
0
3.1
6.1
5
7.7
1.9
3.1
3.6
5.4
8.4
3.1
5
5.4
2.7
5.9
4.2
4.2
4.5
7.4
4.7
4.7
4.6
4
7.2
4.7
2.9
3.7
2.3
2.4
5.9
3.3
4.2
5.7
1.7
1.6
5.7
4.4
5.7
0
4
4.1
4.9
4.6
2.3
5.9
2.5
4.9
4.5
0
1.3
6.1
4.3
1.6
3.4
3.1
5.3
3.3
4.5
6.1
2.8
2
7.3
4.9
5.8
4.9
2
4.2
5.1
3.1
4.1
0
1.6
2.4
2.5
7.4
2
3.4
3.9
3.6
0.3
4.6
3.3
3.3
5
2
5.9
7.6
3.8
4.9
3.3
6.5
3.8
3
2.7
3.2
7.2
2.1
0.9
0.8
2.9
6.8
4
4
3.4
2.2
2.6
2.7
5.3
0
1.1
1.1
6.5
6
0
0.9
2.8
2.8
7.1
0
2.3
3.1
2.4
2.8
3.9
5
2.8
6.6
1.1
7.6
3.4
1.5
4.7
1.6
4.5
3.4
]
