"N_MACHINES:20	N_JOBS:300	CHARGING_TIME:60	INITIAL_CHARGE:10"
D:[
16
0
41
9
18
34
16
61
24
0
3
42
41
33
11
43
28
31
53
20
13
65
32
29
27
20
48
7
25
33
50
54
33
16
23
28
26
56
44
38
50
52
25
23
39
71
23
46
21
28
0
12
33
33
48
40
56
49
31
44
17
25
19
45
23
18
26
13
16
21
32
24
35
30
34
22
69
33
22
24
13
66
50
33
19
31
29
37
18
40
30
22
21
20
16
8
40
35
42
18
38
22
24
40
26
2
24
13
12
38
7
33
37
11
44
19
40
27
47
43
14
41
49
36
60
19
36
21
26
36
19
13
13
8
27
50
42
24
0
8
33
38
17
1
28
31
22
52
22
24
55
30
37
14
51
59
26
35
40
32
29
33
45
20
43
33
36
48
13
15
13
36
47
17
34
0
43
48
49
43
46
49
32
22
24
16
47
50
34
24
28
15
50
40
31
35
37
36
38
19
45
13
43
35
43
11
47
23
25
36
22
13
26
24
6
46
24
25
5
31
37
34
38
29
40
8
6
42
46
27
32
20
9
50
24
23
27
22
11
33
37
22
41
28
14
26
23
29
0
21
29
7
27
36
32
59
19
48
56
53
21
21
15
3
58
19
26
37
65
42
31
0
25
34
28
19
10
50
6
32
6
22
38
49
23
32
36
36
35
43
4
56
27
0
29
34
27
23
7
15
]
w:[
0.3
1.4
1
1
0.7
0.7
1.9
0.6
0.5
0.7
1.1
0.9
0.8
0.5
0.5
1.2
1.6
0.9
1.7
0.5
0.8
1.5
1.8
1.8
1.8
0.5
1.3
1.3
1.3
1.6
1.6
1
1.1
0.1
1.5
0.4
2
0.8
0.9
1.2
1.4
0.9
0
0.8
1.5
0.2
1
0.2
0.8
1.9
1.5
1.2
1.1
1.2
0
0.4
0.8
0.7
0.4
1.7
1
1.4
0.3
0.4
0.6
0.9
0.5
1.2
0.8
1.6
0.4
1.2
1.9
1.3
0.3
0.9
0.7
1.2
0.7
1.3
0.9
0.1
1.5
2
1.1
0.5
1.1
0.9
1.1
0.5
0.1
0.6
1.6
1.5
1.1
1.5
1.2
1
0.4
0.7
0.9
0
0.7
0.8
0.6
1.2
0.6
1
1.2
1.2
0.4
1.2
0.5
0.1
1.2
1.5
1.3
0
0.5
1
1.4
0.4
1.2
1.2
0.4
0.3
1.1
1.5
1.4
0.9
1.2
0
0.6
0.1
0.7
1
0.9
0.9
0.9
0.7
0.2
1.1
1.5
0.9
0.4
0.4
0.2
1.3
1.1
1
1.1
0.8
0.7
0.3
0.6
1
0.8
1.7
1.2
0.7
1.1
0.4
0.3
0.4
1.1
1.4
1.7
1.1
0.7
1.6
0.9
1.5
0.3
0.9
1
1.4
0.5
0.4
1.1
0.8
0.3
0.5
0.9
0.9
0.7
0.8
0
1.8
1.3
1.6
1
0.6
1
0.9
1.3
1.2
1.2
0.7
0.8
0.8
0.8
1.5
1.1
0.4
0.8
1.3
0.7
0.4
1
1.4
1.4
1.8
1.7
1.2
1.4
1.6
0.4
1
0.8
0.5
0.9
0.2
0.5
1.4
1
1.3
1.8
1
1.1
1.2
1.1
0.8
0.2
0.4
1.5
1.2
0.6
0.9
0.8
0.4
1.1
0.8
1
1.1
0
1.6
1.3
1.2
0.2
1.5
1.2
0.5
1.1
1
1.1
0.8
1.8
0.4
1.2
1.1
1
1.2
1.5
0
0.6
0.9
1.9
0.9
0
1.7
1.7
1.2
0.9
1.2
1
0.7
0.8
0.7
1.5
1.1
1.1
1.3
1.4
1
0.6
0.3
1.4
0.3
0.9
0.9
0.7
1.3
0.8
1
0.4
1
0.4
1
0.2
1
]
