"N_MACHINES:20	N_JOBS:300	CHARGING_TIME:60	INITIAL_CHARGE:10"
D:[
57
37
7
22
21
23
26
18
47
30
35
13
12
33
35
38
22
27
22
44
26
24
49
25
13
21
30
23
11
16
45
33
16
10
33
41
22
66
55
19
12
31
31
33
20
48
11
55
43
29
40
48
18
44
35
18
37
10
19
40
26
62
23
48
33
14
20
61
27
19
25
34
41
27
25
49
11
19
54
23
28
27
28
46
18
25
0
32
8
56
25
26
28
12
47
26
24
28
42
28
29
16
42
13
42
13
35
28
47
34
45
17
0
25
28
33
22
35
14
14
19
51
21
19
44
44
0
52
42
39
39
11
3
29
2
60
27
20
27
41
35
37
53
9
44
39
39
30
26
16
43
19
32
43
18
31
28
25
32
17
42
50
49
15
18
49
27
7
29
43
0
63
43
43
36
38
35
25
9
38
27
43
13
44
47
9
2
28
22
54
25
34
18
31
51
32
36
31
50
9
31
36
22
32
38
51
28
28
26
12
26
21
45
50
24
28
43
23
24
53
19
23
44
47
27
58
64
34
42
24
51
47
36
52
18
24
52
37
29
41
17
4
32
42
1
36
19
53
32
34
25
18
34
11
14
14
47
44
27
36
21
52
17
39
13
5
17
42
24
38
48
23
43
48
14
0
29
29
1
44
47
56
0
10
36
69
7
29
58
33
23
33
41
42
9
9
35
12
39
23
]
w:[
0.7
1.4
1.4
0.7
2.1
0.6
0.9
1.3
0.7
1.7
0.4
0.4
1.6
2
1
1.4
1.1
1.6
0.6
1.2
1.9
1.2
0.3
0.9
1.1
0.8
1.4
1.5
1.3
0.5
0.7
0.2
1.2
1
1.2
1
1.5
2.2
0.5
1
1
1.9
1.8
0
0.8
1.3
0.5
1.2
1.7
0.8
1.6
1
1
1.3
1.3
0.5
0.6
0.5
1
0
0.5
0.8
1.6
1
1.3
1.1
1.6
1.5
0.8
0.4
1.1
0
1.3
0.8
1.3
0.8
0.2
1.2
1.1
0.3
0.9
1.8
1
0.8
0.8
1.3
0.6
0.2
1.2
1.1
0.3
0.2
1.5
1.1
0
1.3
1
0.6
0.4
0.2
1.2
0.9
1.2
0
1.1
0.8
0.6
1.7
0
1
1
1.1
0.1
0.9
1.4
1
1.6
0.5
0.7
1.2
1.2
1.8
0.8
0.7
0.3
1.1
0.4
0.5
0.8
1.1
1.1
0.7
0.1
0.8
1.1
0.6
1.1
0.7
0.1
0
1.4
1.1
1.2
1
0.3
2.2
1.3
1.8
0.7
0
0.4
0.6
0.9
0.9
0.7
0.2
0.8
1.7
1.6
0.5
0.9
1.2
0.9
0
0.3
0.7
1.5
0.9
0.5
0.7
0.9
0.7
1.9
0.8
1
0.4
0.6
0.9
1.2
1.3
0.2
1.7
0.9
1.1
0.7
1.4
0.5
1.5
0.5
0.6
1
0
1.5
1.1
0.5
0.4
0.8
1.5
1.1
1.4
1.1
1.4
1
2.2
1.3
0.4
0.7
1.2
0
0.5
1
0.7
1.4
0.9
1
0.8
1.3
1.6
0.9
1.2
1.2
1.3
1.4
0.4
1.5
1.6
1.7
1.1
1.4
0.7
1.5
0
0
1
1.3
0.3
0.9
0.4
0.7
0.5
0.8
1.3
1.1
0.6
1.3
1.1
0.7
0.9
1.6
1.2
0.1
1.1
0.5
0.7
2.2
1.8
0.3
1
1.1
0.6
0.2
0.7
1.4
2
1
1.6
1.2
0.9
1.3
1.2
1
0.6
1
0.9
1.2
1.1
0.5
0.9
1.1
0.2
1
0
0.1
2
0.8
0.2
1.1
0
1.4
0
1.6
1.4
0.7
1
1.4
1.1
0.3
1.5
0.9
0.9
]
