"N_MACHINES:20	N_JOBS:300	CHARGING_TIME:60	INITIAL_CHARGE:10"
D:[
0
16
39
33
16
43
36
39
0
34
39
34
43
17
28
55
18
29
16
22
10
38
29
34
27
29
30
50
14
51
27
38
31
22
52
18
24
0
34
22
22
32
32
63
27
21
33
32
26
49
34
13
30
24
40
24
17
22
0
43
39
20
28
41
13
19
52
16
12
36
31
39
8
24
34
28
52
16
36
18
66
49
58
25
35
33
39
23
64
14
32
16
32
18
11
10
48
10
15
37
33
46
24
24
10
42
15
17
0
61
20
39
18
21
19
16
29
54
20
36
18
34
20
21
18
1
27
19
29
5
19
56
39
36
17
31
18
49
34
39
34
22
11
45
21
32
23
44
33
41
43
23
45
33
21
27
37
28
32
41
25
25
37
14
21
1
3
18
2
20
49
27
17
16
51
24
48
10
34
31
42
11
6
46
57
39
44
30
30
34
0
24
31
16
26
56
69
39
47
15
28
16
32
39
64
10
29
23
4
11
38
29
12
10
8
40
27
21
4
29
52
24
24
22
21
50
40
62
49
37
53
31
38
16
33
16
0
32
28
1
13
35
0
21
30
25
25
50
39
40
32
9
26
18
35
16
34
20
25
43
31
18
35
48
20
24
27
45
33
25
3
39
52
15
6
15
31
34
33
33
13
5
58
37
53
37
14
45
34
23
44
46
36
36
36
22
30
40
27
21
]
w:[
1.5
2.7
1.2
1.3
3
1.1
2
2.5
4.3
4.2
4.9
1.8
0
2.2
2.6
3.1
4.2
0.9
2.5
1.8
1.2
1.8
2.4
2.7
2.3
1.1
1
2.8
0.7
3.3
1.2
1.3
3.5
2.7
3.1
2
1.9
2.3
1.5
1.7
2.2
0
2.5
2.8
2.2
2.8
2.9
3
2
2.5
1.8
2.3
1.8
3.9
1.2
3.7
2.4
1.5
2.3
0.8
2.8
1
2.5
2.6
2.6
1.5
2
1.2
1.8
2.5
1.6
1.2
1.6
3.1
3.2
0.8
3.5
1.9
1.3
2.7
3.5
1.5
1.5
1.4
0.7
2.2
1.6
0.8
1.5
2.7
1.6
1.2
2
5
3
2.6
2.3
2.4
1.2
4.1
0.5
2.8
2.3
1.4
2.5
1.8
0.1
3.2
1.8
2.2
1.4
3
0.6
0.9
0.7
2.5
1.2
2.1
1.9
2.5
3.5
2
0.7
3.1
1.7
0.2
1.8
1.8
0
0.9
2.6
2.2
4.6
1.6
0.9
0.7
1.4
2
2.3
2.8
4.4
2.2
3.5
1.5
1.2
3
2.7
1.3
1.8
0.7
1.5
1.6
0.3
0.2
1
2.9
2.1
1.8
2
2.1
3.1
0.1
1
0
3.4
1.4
1.8
2.4
1.5
3.8
0.9
2.3
0.5
2.3
0.4
3.3
1.9
1.3
2.2
1.6
0
1.6
1.7
2.2
0.5
0
1.7
0.5
0.6
2.4
1.9
1.8
2.6
0.8
0.6
2.9
0.5
2.2
0.4
1.5
0.3
0.9
2.7
2.1
0.8
1.3
1.1
1
2
1.1
3.3
2.2
1.9
3.1
0
2.5
0.5
1.6
2.2
1.2
2.4
4.7
2.8
1.8
3.9
1.2
1.8
0.9
2
2
1.9
1.4
2.5
2.8
1.7
1.4
3.8
2.9
3.2
1.8
2.4
1
1.3
2.6
1.8
2.1
1.2
0.9
0.8
2.8
0.9
2.8
3.1
4.2
1.4
1.4
1.7
1.7
2.1
2.4
1.5
1.6
2.8
2.1
2.7
2
3
2.4
0
2.9
1.8
3.6
2.1
1.4
2.6
0.6
3.5
2
1.4
1.8
1.1
1.4
3.1
2.2
2.1
2.1
0.8
2.2
0.1
3.3
0.7
1.7
1.8
2.5
2
0.8
3.7
2.7
2.6
3.2
]