N_MACHINES:20	N_JOBS:300	CHARGING_TIME:60	INITIAL_CHARGE:10
D:[
48
0
40
35
23
34
8
19
0
34
19
31
39
33
37
37
26
39
25
35
36
25
30
9
25
36
38
11
28
16
33
38
25
33
9
40
47
19
49
39
36
29
41
34
34
30
27
21
25
24
42
31
29
26
18
42
51
45
21
22
31
4
19
40
48
31
27
19
25
35
45
53
36
31
28
8
29
11
16
19
4
52
17
34
27
19
52
6
31
36
18
42
17
54
35
19
43
1
45
12
32
54
33
33
31
26
70
62
57
40
39
15
16
43
47
51
57
1
3
37
33
40
20
40
29
47
30
12
26
0
23
57
38
45
24
50
13
24
36
52
41
51
25
47
14
45
18
45
39
17
23
21
54
51
26
17
42
25
24
38
14
24
16
0
26
54
42
20
16
39
87
49
26
34
28
0
54
35
20
23
6
25
22
57
47
35
46
48
6
26
10
14
45
38
40
1
32
29
51
24
31
43
31
43
28
49
40
32
32
22
42
16
7
44
11
16
34
12
39
5
25
26
18
20
9
22
15
49
39
28
4
35
50
17
38
51
51
22
46
32
3
42
27
29
40
32
31
48
17
22
27
4
35
23
15
50
29
35
17
41
45
8
34
16
25
14
16
41
28
14
32
13
5
32
40
33
26
18
25
25
45
54
33
40
30
43
25
23
19
26
33
0
30
41
50
28
37
21
27
46
]
w:[
2.1
1.6
6.7
3.7
3.2
3.3
2.3
6.4
4.4
0.9
4.4
5.8
4.7
3.7
7.3
1.4
4.4
4
3.6
0
6.1
3
5
4.2
3.6
6.4
3.4
4.6
4.3
5
5.7
2.3
4.9
5.9
1.4
3.1
0.1
4.4
1.7
4.2
5
3.9
6.2
1.1
6.3
3.4
2.7
2.4
6.8
3.4
6.5
3.1
6.7
4.1
4.4
2
3.9
5.3
4.9
3.5
5.4
4.1
4.1
2.8
2.2
5.8
6.2
1.4
5.1
2.6
4.6
2
2.5
5.1
2.8
6.8
6.2
4.6
1.6
1.7
6.2
6.5
5.4
0.9
8.6
2.1
4.9
7.4
3.6
6.1
2.7
6.3
3.6
5.4
6
1.9
0.4
4.2
2.9
1
3.6
3.6
6.2
5.9
4.4
6.4
5
4.2
3.5
7.1
4.7
1.6
6.5
4.6
3.5
5.9
5.1
6.6
1
4.9
4.6
5.6
7.8
2.2
3.5
4.5
6.3
6.8
5
2.3
0.8
6.5
1.2
5
2.4
3.7
2.2
3.2
2.4
3.7
3.4
5.1
3.9
6.1
2
6.8
6.2
5.8
1.3
6.6
5.6
4.6
6.6
3.9
5.8
6.6
5.8
5.4
1.7
0
5.9
4.1
7.9
5.3
5.6
4
4.7
7
4.4
4.5
2.5
0.8
5.2
0
3.4
4
6.1
3.3
5.6
1.2
2.5
1.8
4.9
4
4
1.1
1.3
5.4
5.2
2.1
3.4
3.1
6.2
0.7
3.5
2.1
2.2
6.2
5.4
0.8
6.1
6.6
4.9
5.5
6.3
2.9
6.6
0.6
4.5
3.6
4.5
2.2
0.4
2.5
4.3
5.8
2.8
6.1
1.9
5.4
1.3
2.7
5.1
1.5
0.1
6.3
4.8
6.3
3.9
3.7
1.2
10
4.6
0
6.3
3.7
4
5.6
3.7
4.5
4.6
5.6
1.9
4.8
4.4
10
2.6
0.5
6.4
5.3
1.5
2.6
3.8
1.3
3.3
2.5
5.7
7.2
3.7
4.7
5.1
2.4
3
4.2
6.5
4.6
5
6.4
5.9
4.5
4.5
5.4
3.6
6.4
5.3
5.2
0.8
4.8
5.5
2.8
3
0
4
4.6
4.1
7.6
7.6
3.9
4.4
1
3.3
2.5
5.9
3
3.3
6.5
2
4.7
2.2
6.2
]
