"N_MACHINES:20	N_JOBS:300	CHARGING_TIME:60	INITIAL_CHARGE:10"
D:[
35
14
34
4
23
30
18
0
17
27
22
66
12
4
42
29
23
28
27
40
30
56
32
22
44
7
50
34
24
19
49
40
0
74
28
11
24
39
9
57
12
28
43
47
25
5
16
20
15
25
50
8
45
21
29
22
12
34
5
42
33
34
24
23
26
15
23
0
14
7
34
32
19
32
29
41
41
18
48
35
25
54
29
23
21
34
64
31
23
47
45
33
38
41
15
3
23
0
23
24
46
24
34
20
44
15
39
22
5
28
15
45
53
25
48
15
50
44
52
7
25
31
39
54
14
36
41
42
31
28
34
14
11
18
20
21
19
25
4
58
44
28
37
30
18
54
12
30
17
9
29
1
22
21
23
41
48
44
34
41
26
17
58
31
26
19
25
42
34
22
53
19
26
24
40
27
30
14
35
17
17
10
6
37
25
19
41
19
34
5
15
29
34
21
43
34
37
39
49
26
56
63
7
0
30
0
27
40
38
14
16
61
11
34
24
10
27
34
0
14
12
28
53
25
20
49
42
22
24
20
41
11
18
8
45
4
42
40
25
47
46
18
44
42
21
16
42
10
15
16
43
0
51
47
40
32
65
20
20
19
25
21
31
59
12
30
7
38
5
24
46
61
45
35
30
29
38
42
36
29
50
42
32
9
18
38
6
40
40
33
29
30
3
15
43
30
23
32
3
3
]
w:[
0.6
1.2
1.1
0.5
0.8
1.2
0.5
0.8
1.8
0.2
1.1
1.7
0.9
0.5
1.1
1.2
1.3
0.7
1.7
1.2
1.6
0.3
1.3
0.7
1.5
0.9
0.9
0.5
1.5
0.4
1.2
1.2
1.3
1.5
1.5
1
2.3
2
1.5
1.3
0.7
1.7
1.1
1.1
1.3
1.4
0.7
0
0.2
0.8
1.1
0.7
0.1
1.1
0.7
0.1
0.6
1.7
1.6
0.4
1.1
1.4
0.6
1.7
0.7
0.7
1
1.2
0.7
0.8
1.8
0.8
0.7
0.5
1.3
0.1
0
1.3
0.7
0.8
1.1
1
0.9
1.1
1.4
0.9
0.9
1.3
0.9
0.5
0.8
0
0.8
1.2
1
1.2
0.7
0.2
0.3
1.1
1.2
2.2
0.9
1.7
0.7
1.3
1.3
0.2
1.4
1.2
1.2
0.6
0.4
0.5
1.3
0.7
1
1.6
1.6
1
0.9
0.7
0.5
1.1
0.8
0.9
1.6
1
1.2
1.3
0.7
0.8
0.7
0.9
1.1
0.8
0.1
1.3
1.5
0.3
1.3
1.1
1
0.9
1.4
0.7
0
0.6
0.9
0.6
0.7
0.1
0.6
0.4
0.1
0.7
1.3
0.4
0.9
0.2
1.9
1.5
1.4
0.4
0.9
1.1
1.3
0.7
0.9
1.5
1.3
0.6
0.6
1
1.8
0.4
1.2
1.2
1.4
0.5
1.7
1
1.4
1.2
0.4
1.3
0.7
1.1
0.2
1.5
0.8
0.3
0.7
1.1
1.4
1
1.2
0.1
1
1.4
1.2
0
0.9
0.8
0.2
1.7
0
0.7
0.8
1.2
0.2
1.2
0.7
0.4
0.8
0.2
0.9
0.2
0.8
1.1
1
0.3
0.8
1.7
1.2
0.6
0.9
0.7
2
1
1.2
1.3
0.5
1.8
1.1
0
1.2
1.6
1.5
0.9
1
2.2
1.5
0.3
1
1
1.4
0.8
0.8
1.1
1.2
0.6
1.4
0.8
0
1
0.7
1
0.5
1.2
2.4
1.4
0.6
0.4
1.7
0
1
1
0.1
1.4
1
0.5
1.3
0.9
1.3
0.4
0.9
0.8
1.2
1.1
0.5
0
1.1
1.4
0.6
0
0.8
0.6
0.7
0.6
1.2
1.5
1.4
1.6
1.6
2
2
1.3
1.5
1.3
]
