"N_MACHINES:20	N_JOBS:300	CHARGING_TIME:60	INITIAL_CHARGE:10"
D:[
37
7
13
6
29
32
11
1
9
17
32
13
44
51
21
42
22
39
7
19
38
38
61
39
10
35
36
31
41
21
54
42
39
0
41
29
18
54
39
30
33
11
4
0
18
22
28
57
33
1
59
42
37
41
65
0
33
31
48
29
39
33
11
28
37
18
23
22
27
0
38
35
40
48
6
28
2
21
35
24
27
42
28
33
10
27
26
25
25
16
8
33
60
10
27
28
18
37
35
21
31
56
49
16
25
25
29
40
41
30
25
28
11
28
36
30
40
13
45
25
26
34
4
33
19
39
30
28
59
25
26
16
18
29
14
33
46
59
27
32
26
35
0
2
26
47
45
16
45
18
11
58
37
42
43
45
39
50
6
15
17
23
32
46
40
45
23
29
46
42
45
51
8
36
27
41
63
33
10
21
3
29
16
28
8
46
32
34
26
28
37
19
38
22
31
31
25
50
72
13
31
45
33
32
29
19
31
27
0
35
15
46
42
48
27
35
13
37
33
53
15
52
24
18
48
46
62
18
44
0
25
44
40
6
13
30
39
33
14
32
62
51
26
44
51
26
12
40
27
24
23
45
23
21
10
20
0
33
27
50
15
18
46
46
40
42
57
47
27
27
34
37
21
24
14
59
41
28
39
30
19
33
5
45
56
41
11
34
20
41
49
33
12
39
25
34
0
43
11
36
]
w:[
2.5
0
1.9
2.4
2.1
1.8
1.4
1.6
3.3
3.2
2.1
2.7
0.6
2.7
2.6
1.8
1.7
2
0.8
3
2
3.3
3.5
1.7
2.9
1.9
2.5
2.6
4.3
2.4
1.1
1.3
2.3
2.5
3
1.5
4.1
2.6
2.2
2.8
1.9
1
3.1
2.4
2.6
1.9
0.5
2.1
1.1
2.6
1.7
2.7
3.6
2.4
2
1.1
2.7
0.3
1.1
0.9
3.5
2.7
1.7
2
0.2
2.6
2.6
1.5
1.5
1.3
3.4
1.2
1.4
1.9
1.8
2.5
1.1
0.6
1.6
2.2
1.2
1.1
1.4
2.1
2.9
0.8
2.4
2.9
1.1
0.6
2.2
2.1
2.4
0.9
2
1.1
0.5
1.1
0.2
1.7
1.5
1.3
3.7
3
1.7
2.9
1.8
2
4.6
0
1.9
3.5
1.7
3.8
1.1
1.1
0
2.9
2.6
1.8
0.3
4
2.8
4.1
0.9
1.4
2.4
0.4
0
3.3
2.9
1.2
1.9
3.6
1.7
2.7
3.4
1.9
0.6
1.1
3.6
0.2
2.6
1.6
2
1.8
0.2
2.4
2.3
2.2
2.2
1.6
0.8
2.3
4
0.9
2.6
1.1
1.6
2.6
2.6
2.1
1.5
1.4
0
1.7
3.2
3.8
2.3
1.5
0.8
2.5
2.3
2.6
1.4
0.9
0.5
2.1
2.7
0.4
1.3
0.2
2
1.1
4
2.8
0.6
2.2
3.4
3.4
1.9
4.3
3.1
3.6
2
0.5
1.8
3
2.2
0.5
0
0.9
3.2
0.4
2.5
1
2.2
2.1
1.5
2.3
2.7
2.3
2.5
1.2
1
2.5
0
2.2
1.2
2.6
1.7
0.2
1.6
2.3
2.4
3.7
3.9
0.8
3.6
3
3
2
1.9
2.1
1.8
1.9
1.7
0
1.3
2.5
0.1
3.4
0.8
0
1.2
2.1
4.5
1.7
1.7
3
1.5
1.8
2.7
1.2
2.5
2.6
1.4
3.6
2.8
1.9
2.4
1.5
1.1
3.2
0.6
1.9
4.3
2.6
1.5
3.9
0.7
1.4
2.7
1.8
2.9
2.9
1.8
2
3
2.7
2.2
3.1
1.7
2.5
1.3
1.7
2
2.6
2.3
1.6
1.2
2.3
1.8
3.2
2.6
2.1
1.5
2.6
1
1.5
]