N_MACHINES:20	N_JOBS:300	CHARGING_TIME:60	INITIAL_CHARGE:10
D:[
50
1
18
25
44
24
29
33
38
38
27
29
15
53
0
18
28
33
33
24
21
1
27
24
23
19
42
30
42
21
20
33
44
16
7
23
24
32
54
23
9
45
52
44
29
53
42
11
38
29
1
19
27
24
20
15
20
47
44
45
0
2
36
37
17
11
0
57
78
72
32
27
14
6
23
27
49
24
25
40
27
34
49
46
28
9
7
29
39
20
20
41
12
40
29
24
29
43
57
8
33
27
51
0
11
37
17
14
35
32
2
36
27
50
51
27
29
9
34
26
44
19
20
29
39
46
37
46
72
50
38
16
47
25
33
61
24
21
14
25
33
45
27
13
34
13
52
38
44
30
4
22
25
22
50
29
34
25
29
36
12
9
7
31
75
40
35
15
12
55
35
53
22
32
5
29
33
34
2
47
45
30
36
40
59
30
50
20
24
0
20
29
30
26
21
49
13
27
1
22
26
51
0
52
58
24
9
58
0
29
50
23
33
29
39
46
43
41
53
50
34
28
50
30
44
25
46
6
35
28
43
47
19
9
29
17
17
36
10
9
19
7
28
58
42
2
33
24
9
35
14
24
6
16
49
53
19
42
45
63
28
9
34
45
22
0
11
49
42
61
34
33
11
34
32
49
40
8
23
61
15
12
26
36
9
35
58
31
34
42
48
38
21
7
39
61
51
51
15
45
]
w:[
4.5
7.4
0.2
5.4
3
5.6
4.1
4.8
6.8
5.8
2.8
5.2
8
4.1
5.4
6
4.9
2.4
7.1
3.5
4.3
0.8
4
5.8
1
5.8
3.7
3.2
4.4
5.2
4.1
3.8
1.9
3.7
6.8
6.1
3.9
3
4.1
4.1
7.4
5.1
2.9
5.1
8.3
2.8
5.2
5.1
2.8
3.4
2.5
3.2
1
3.6
1.8
2.9
4.7
6.8
2.9
6.3
5
6.2
3.7
2.9
0
4.3
5
4.8
5.5
7.9
3.1
5.9
8.1
4.5
2.8
5.7
0.4
5.7
4.2
4.4
6.7
2.6
2.7
0
6.5
0.9
2.6
4.3
1.7
4.9
7.1
5.2
8.6
3
6.6
6.2
4.9
4.2
0.3
5.3
2.8
7.8
7.4
2
6.5
4.4
1.9
6
3.8
4.8
5.2
2
4.4
5.5
1.7
3.8
1.1
7.2
5.4
0.7
0.2
4.3
4.7
1.4
5
6.6
3.5
5.6
2.3
7.1
3.6
0.5
7.2
1.4
6.3
0.4
4.1
5.2
5.8
3.5
0.3
3.6
7.4
5.7
0
0.1
5.4
5.5
2.7
3.9
4.7
4.3
2.8
5.3
7.8
4.8
0.1
5.3
6.1
3.1
0.8
5.1
3.3
5.3
5
1.7
3.9
6
3.7
5.3
0
4.4
5.6
3.6
6.8
0.6
8.6
3.1
4.2
3.7
3.1
3.2
5.1
4.4
0.2
5.7
4.4
3.2
1.9
3.9
4.9
4.1
3.2
2.6
7.9
4.7
3.9
2.8
2.8
5.3
1.2
4.8
5.4
7
0.4
3.7
5.6
2.2
3.6
6.2
2.9
3.8
4
2.4
2.4
5.9
5.1
1.2
5.3
3.6
6.1
2.9
2.8
3
7.8
4
4.2
5.3
4.4
4.2
4.2
1.7
5
2.2
3
3.6
2.7
3.6
6.2
5.8
5.6
5.8
4.4
6.8
1.5
3.1
2.6
2.6
1.4
3.9
0.8
6.5
2.8
7.7
5.2
6.1
4.9
1.2
8.2
2.4
4.2
5.3
5.8
5.1
7.2
3.3
3
5.9
4.2
3.6
2.5
2.3
4.1
3.4
5.7
5.4
6.5
5.6
5.6
2.6
5
4.2
4.5
2.8
5
1.2
3.2
5.5
6.6
3.4
7.8
1
3.1
0
0.7
4
5.8
4
1.5
2.6
]