N_MACHINES:20	N_JOBS:300	CHARGING_TIME:60	INITIAL_CHARGE:10
D:[
11
15
19
22
29
54
39
25
10
0
37
24
11
33
52
30
31
56
17
32
18
30
30
8
29
15
62
52
7
35
23
37
2
30
22
31
13
33
31
47
11
17
48
16
43
2
44
9
12
33
19
25
49
20
63
29
11
60
29
37
33
36
11
5
30
46
45
16
37
7
40
39
27
32
24
14
15
49
37
20
34
42
33
43
85
16
35
34
39
33
14
44
13
39
41
47
37
12
28
19
27
26
18
64
37
0
31
29
33
28
17
24
21
27
29
59
10
51
16
36
31
18
7
35
21
51
6
59
32
13
33
31
39
28
22
30
23
59
22
32
32
23
13
29
42
15
28
33
18
22
42
41
30
38
46
28
36
38
45
41
41
22
35
14
34
11
28
43
34
46
18
45
27
36
34
64
41
33
40
26
9
22
13
5
17
37
60
46
49
41
29
35
0
26
0
4
38
14
29
31
63
37
42
17
15
30
29
19
45
0
33
17
29
0
60
18
41
45
33
26
22
27
35
29
26
17
32
12
46
23
31
0
50
44
20
21
57
28
52
25
40
48
44
31
50
33
21
21
17
17
8
39
25
35
26
35
32
12
54
32
46
23
37
30
0
36
42
21
54
29
10
22
9
19
27
41
20
26
21
60
52
32
46
7
14
31
30
20
16
0
21
42
30
19
45
31
36
37
20
27
]
w:[
5.6
3
5.6
7.8
8.5
5.2
1.5
5
6.5
1.3
3.4
2.8
4.5
0.9
0
7
5.1
7
0.9
5.7
3.2
5.7
5.2
1.8
4.4
0.4
4.1
1.7
2.3
6.5
3.7
5.4
6.4
3.7
3
4.1
2.8
5.1
4.6
1
0.5
4.6
5.2
3.6
1.8
1.7
7
4
5.9
1.7
2.3
4
6.2
2.2
2.2
6.6
4.9
4.8
4.9
2.1
2.5
3.5
5.6
1.7
5.2
4.2
5.4
2.8
0.8
4.6
2.5
4.2
3.3
4
5.7
3.5
7.3
3.6
0.7
4.1
4.2
4.7
7.7
3.1
4.2
0.9
2.7
5.7
6.6
4.3
4.5
4
4.1
6
4.9
3.1
4.5
4.4
7
2.9
4.7
3.8
1.5
2
2.3
3.3
2.1
1.9
2.8
4.6
4.7
0.9
7.9
4.9
2.8
5.6
0.3
3.3
6
1.3
4
4.7
5.2
3.9
3.9
3.6
6
7.5
6.8
1.9
2.5
1.6
4.7
1.3
2.5
7.2
3.9
5.3
6.6
5.8
2.6
3.5
0
3.3
2.5
2.9
2.1
1.2
5.5
7.9
1.3
3.1
4.9
5
1.1
1.9
2
1.6
2.9
2.9
3.4
7
4.6
2.9
4.3
3
3.1
4
0
5.2
3.7
3
3.5
1.2
6.2
5.9
2.1
0.9
3.9
3.8
1.4
4.6
7
1.3
3.5
0
4.3
7.1
6.2
1.2
1.9
2.9
7.3
3.1
2.5
0.2
4.2
3.5
3.6
4.8
3.2
2.7
2.7
3.1
0
2.9
3.9
2
3.6
1.1
4.3
4.5
3.8
8
2.4
4.7
2.1
4.1
6.1
1.6
5.5
3.3
6.4
3.6
3.2
4.2
3.2
4.1
4.1
4.6
6
5.5
5.6
3.2
0.4
0.6
4.9
5.6
1.8
5.2
5.9
2
7.6
4.5
5.1
2.5
4.8
3.1
6.2
3.8
3.7
6.1
5.9
3.9
7.7
6.6
3.5
7
1.5
5.1
2.2
6.9
0.9
3.9
1.8
1.6
3.7
4
3.4
6.1
2.6
2.4
4.3
4.8
3.2
4
2.6
4
4.3
1.2
4.2
2.7
3.3
2.5
4.2
8.2
7.2
7.5
4.8
3.1
3
2.5
3.7
3.9
5.2
4
3.2
1.7
5.2
3.7
]