N_MACHINES:20	N_JOBS:300	CHARGING_TIME:60	INITIAL_CHARGE:10
D:[
17
39
11
12
15
22
33
28
30
23
22
7
27
47
61
6
11
10
52
56
27
31
28
23
46
56
25
25
24
47
43
14
38
14
18
0
25
44
26
17
25
55
48
17
32
35
30
34
13
35
39
10
35
57
51
44
15
37
27
38
8
9
57
19
23
18
0
37
44
11
44
32
25
48
45
42
14
55
28
26
19
47
36
23
51
69
48
50
22
29
41
30
29
44
30
36
3
38
47
0
47
33
52
32
31
43
58
39
29
42
24
27
32
45
21
15
38
39
37
51
26
30
0
28
58
30
26
42
48
5
40
46
32
22
52
38
31
10
9
35
15
17
55
41
39
58
29
20
14
48
31
48
26
14
25
31
34
25
28
34
32
26
36
37
31
26
64
33
51
1
2
36
45
17
25
24
35
40
44
37
3
29
39
19
36
46
49
48
32
52
58
32
46
25
0
40
18
49
25
37
43
32
40
27
11
24
30
24
19
30
38
28
44
22
32
26
13
31
15
38
30
49
59
48
6
34
3
42
0
37
27
32
25
27
26
28
35
39
9
0
48
12
0
1
50
13
30
8
8
54
23
24
15
16
75
37
42
26
6
10
35
22
15
14
58
28
25
27
27
30
37
42
52
19
34
36
25
18
19
15
43
33
55
21
37
27
40
19
43
13
23
39
29
25
21
33
40
46
33
46
]
w:[
3
4.7
4.5
2.3
1.8
6.1
5.6
3.5
3.4
1.8
7.3
8.8
5
4.8
1
5.6
5.9
4.1
9.1
4.5
4.2
3
6.5
0
6.5
4
2.4
0
6.8
1
4.2
5.3
3.5
1.2
1.1
5.3
4.8
0
4.4
4.1
4.5
2.5
3.7
6.9
2.5
4.5
5.8
2.4
2.4
5.8
3.5
3.5
4.9
2.6
5.9
4
5.4
3.6
1.3
4.5
5.4
5
5.9
3.9
4.3
3.1
3.5
4.4
3.9
6.6
3.1
4.6
8.4
3.4
7.4
5.6
7.4
1.1
4.2
3.9
2.1
6
7.2
2.7
3.6
3.4
4.6
2.3
3
3.4
4
0.9
5.6
2
6
4.9
3.4
0.5
9.4
4.7
7.1
9.2
4
1.9
3.7
4.2
6.7
6.3
2.2
3.2
1.9
4.1
3.9
5.5
4
4.5
4.5
3.8
4.2
5.1
4.5
5.4
3.1
1.4
2.5
0.2
4.8
0.4
2.6
2.7
4.1
3
1
5.8
1.6
5.2
4.2
2.1
5.6
3.7
4
4.3
1
6.6
3.7
4.8
3.6
5.3
3.9
0.1
4.1
4
6.2
4.5
3.6
3.1
4.7
5.2
7.8
4.1
1.9
4
4.9
8.2
5.4
4.4
4.1
5.4
4.6
3.9
0
2
4.8
1.8
2.9
2.9
3.6
1.2
3.1
5.2
6
1.9
2
6
3.6
3.6
6.1
2.2
3.3
5.7
3.7
4.8
2.6
2.3
4.9
1.1
8
2.1
5.4
5
4.7
5.4
5
4.8
5.8
3.7
2.1
1.7
6.6
2.9
5.6
5.5
4.7
3.8
3.7
1.9
2.5
1.6
5.3
7
4.1
4.2
5.4
5.1
6.6
3.4
0.6
2.8
1.7
3.3
1.9
8.4
5.7
2.9
5.4
0.6
4.7
5.8
4.8
0
5
6.8
5.2
6.6
2.8
3
0.5
0
2.9
4.9
6
4.7
5.1
4.2
4.8
2.9
6.2
5.6
6.7
3.6
4.5
6.6
2.4
5.9
3
0.9
4.9
2.6
3.6
0.9
2.8
0.3
3.7
6
2.5
5.2
5.7
5
3.6
3.1
7.7
3
2.9
6.7
4.1
7.8
3.6
6.5
2.1
2.3
2.2
3.7
6.9
0.9
0.8
0.2
1
2.9
5.5
6.4
]