"N_MACHINES:20	N_JOBS:300	CHARGING_TIME:60	INITIAL_CHARGE:10"
D:[
12
64
25
24
26
23
5
47
10
36
1
20
30
33
27
30
61
44
46
32
26
32
34
44
6
45
43
88
16
35
29
29
37
55
0
14
36
57
54
21
42
29
27
35
22
31
16
35
12
48
25
56
15
6
29
36
48
32
32
18
29
45
30
30
50
8
16
34
0
14
63
12
36
19
39
61
23
37
44
36
44
46
19
38
10
17
26
40
27
42
24
33
28
22
54
24
23
46
8
46
26
21
15
60
33
27
0
37
35
53
30
40
20
31
30
13
38
0
27
41
21
39
38
24
44
38
32
27
43
21
11
37
50
37
22
18
28
45
0
52
6
53
39
35
39
32
23
53
41
36
38
30
25
16
10
17
21
40
61
28
15
40
27
33
35
31
30
3
2
38
47
55
11
36
35
7
37
15
49
33
26
23
30
31
16
51
27
15
13
24
5
62
28
9
36
32
29
49
22
40
28
28
24
3
34
10
38
41
26
11
27
27
30
0
32
49
62
40
41
8
41
27
16
2
38
38
33
52
46
54
40
47
28
46
37
46
25
30
6
37
29
20
18
45
24
0
8
28
26
17
26
50
64
27
29
55
25
19
40
22
58
12
28
33
23
25
36
17
8
36
44
24
17
24
14
22
0
30
26
51
62
70
46
58
4
30
0
14
44
42
8
13
55
29
43
27
30
24
29
47
]
w:[
0.7
3
3
1.6
2.9
1.7
1.3
0.8
1
0
2.5
2.4
2.3
2
2.2
2.4
0.5
0.2
0.9
2.8
1.4
1.8
1.4
1.5
1.1
1.5
3
1
0
2.5
3.1
2.3
1.6
2.3
0.8
2.8
1.3
1.8
2.1
1.9
2.7
1.9
2.5
0.9
3.1
1.9
1.6
1.8
1.6
3.2
2.4
1.6
2.2
2
2.6
1.5
3.2
2.6
1.7
2.4
2.3
0.3
1.7
1.2
2.9
1.5
1
4
2.6
1
3.1
3
1.8
2.3
1.6
0.6
3.1
2.1
2.2
1
1.8
2.1
1.3
2.4
2.1
0.9
2.2
2.1
1.6
2.5
2.6
0.3
3.2
2.9
2.3
1.2
2
1.1
1.7
1.7
2.7
2
2.8
1.2
0.3
0.6
1
0
1.8
1.9
1.1
2.3
2.8
4.5
0.6
0.5
2.2
1.7
0.9
0.7
2.2
2.5
2.7
1.5
0.7
2.6
1.6
2.9
4.5
0
2.2
1.7
1.7
1.9
0.3
1.8
0.4
1.1
0.8
2.1
2.2
3.2
1
3.1
1.9
0.1
1.9
1.8
0.4
4.2
1.3
2.1
1.6
1.5
2.7
1.3
1.8
2.7
1.5
1.3
2.9
2.3
2.5
4
1
2.8
2.3
2.8
0
2.2
1.9
2
2
1.7
1
2.3
3.8
2
3.1
2.5
2
2.1
3.2
1.5
1.8
1.5
2.9
2.7
2.3
3
2.4
3.5
0.9
1.5
2.4
2.1
3.6
0.5
2.9
3
1.7
2.3
1.8
0
1.9
2.2
2
2
3.4
1.2
2.7
1.7
0.6
0.1
4.2
0.8
1.4
2.1
1.5
2
2.1
2.1
2
0.3
2.8
2.8
3.1
2.4
1
2.2
2.2
1.6
3.6
2.3
2.3
3.1
2.8
0.9
1.5
2
1.4
3
1.6
2.2
0
1.1
1
2
0.7
2.3
1.9
2.9
1.8
1.1
3.1
3.8
2.6
2.4
0.7
1.5
1.9
1.3
1.7
0.4
0.6
2.8
2.3
2.7
2
3.9
0.5
1.4
3
1.8
3.8
2.1
1.5
1.8
2.5
3.4
1
1.8
0.7
2.2
1.2
2.5
2.2
2.4
2.3
1.2
2.7
0.6
0.8
0.1
3.9
1.1
0.8
2.6
3.5
1.3
]
