N_MACHINES:20	N_JOBS:300	CHARGING_TIME:60	INITIAL_CHARGE:10
D:[
23
40
18
41
21
21
15
55
19
20
8
30
45
35
23
0
52
53
4
37
43
19
33
40
8
27
19
22
41
8
21
19
39
8
48
41
25
31
26
16
40
37
45
27
18
20
44
11
10
16
26
28
28
29
29
12
44
36
37
6
70
52
28
56
40
48
30
18
24
40
57
47
61
34
26
45
29
40
40
5
17
49
7
37
53
41
27
0
16
39
39
13
53
29
33
41
50
11
32
8
48
45
27
51
23
37
41
48
34
27
30
43
28
32
36
33
17
24
47
36
42
5
20
62
25
36
23
28
28
28
30
17
33
25
24
34
22
32
46
35
17
49
35
51
30
30
29
33
28
51
41
10
39
39
22
34
40
0
41
30
21
5
11
32
50
35
20
26
72
24
26
10
23
25
24
21
44
51
33
9
30
51
61
27
15
45
39
39
28
34
16
39
38
34
40
17
22
24
0
15
33
44
34
36
22
39
47
29
35
24
38
31
44
24
42
32
39
0
21
15
39
36
45
28
40
35
12
5
28
12
49
19
20
3
19
20
48
23
25
28
8
53
31
31
25
24
25
40
21
23
57
21
4
6
0
51
19
32
6
3
18
20
12
36
32
53
57
46
25
17
44
35
20
4
44
4
15
28
52
29
28
40
45
29
44
24
44
12
25
46
20
21
10
19
30
39
30
15
45
28
]
w:[
3
3
4.4
3.8
3.4
2
3.5
4.7
1.1
3.3
6.6
2.6
4.3
0
3.9
4.1
2.4
6.3
6.1
0
6
5
1.7
2.8
3.8
5.3
7.5
3
4.9
4.4
0
5.7
4.7
4.9
0
4.5
3.4
6
2.3
7.9
6.6
1.6
3.4
4.6
3.4
3.6
3.6
3
6.9
5.9
4.4
5.8
2.3
2.8
7.8
4.7
1.8
2.9
6.2
4.9
1
1.5
3.6
3.5
1.2
8.7
4.3
4.8
4
7.1
0.9
5.9
3.8
1.7
5.2
2
3.5
6.2
3.4
6
3.5
2.7
5.4
3.7
7.3
3.9
4
4.2
1.6
2.1
1
1.2
1.3
8.3
0.9
3.9
5.7
0.7
3.1
3.9
5.7
3.6
5.5
0.6
3.2
1.5
5.6
2.3
5.6
1.3
2.1
1.6
7.6
2.9
6.9
7.2
6.5
3
4.8
3.9
3.7
2.5
4.1
3.6
2.6
1.9
6.5
5.8
6.5
6.2
6.2
4.4
6.3
6.7
2.5
5.8
2.4
4.6
4.1
3
6.8
4.5
3.6
7
3.6
1.8
1
1.5
2.6
6.4
2.8
3.4
3.2
5.5
5.8
3.6
3.4
6
4.8
5
5
3.4
6.8
3.2
3.7
6.7
4
3.6
4.1
4.4
5.3
6.9
4.8
2.8
5
2.4
2
6.9
4.3
4.5
2.1
3.3
7
3.5
3.9
2.7
3.3
3.6
3.9
1
4.5
5.6
0
4
3.2
4.4
6.6
4.9
1.6
3.3
0
6.1
4
4.5
2.9
3
5.1
6.3
6.5
5.8
4.5
6.2
0.6
0
3.7
4.4
4
1.6
0.5
4.4
3.4
5.7
0
5.7
4.7
5.1
7.2
6.6
4.7
4.2
5.1
7.2
2.1
2.7
4
5.1
6
4.2
6.6
3.4
0
3.9
4.1
5.6
4.7
6.6
4
2.8
5.4
1.2
3.3
0
3.2
4.1
4
4.3
2.6
2.2
6.1
4
5.4
5.2
2.9
7.9
1
0.7
3.1
2.6
2.9
3.2
0.7
8
3.9
2.4
6.1
2.5
4
7.9
0
4.1
2.8
2.3
3.9
3.6
2
7.6
6.5
2.2
3.3
0
3.3
8.8
4.2
3.1
3.7
3.5
2.2
2.3
3.1
5
]