"N_MACHINES:20	N_JOBS:300	CHARGING_TIME:60	INITIAL_CHARGE:10"
D:[
22
42
28
42
14
7
17
16
9
18
31
60
21
30
44
46
19
50
10
38
28
17
22
16
36
44
47
39
31
28
26
48
28
38
18
28
37
17
43
44
23
35
24
32
37
19
35
50
11
24
20
12
29
37
53
29
59
50
0
18
33
19
26
40
8
27
39
23
62
36
11
34
7
21
28
6
38
37
0
49
34
46
42
27
21
42
36
51
33
0
38
42
35
57
9
14
27
33
33
50
34
34
46
21
5
65
19
32
30
39
28
32
51
0
47
31
0
24
20
27
42
43
40
3
55
27
0
15
28
20
34
21
25
24
23
26
60
36
33
30
35
0
25
15
29
7
19
10
21
24
17
35
35
31
23
41
46
50
23
24
28
11
25
23
22
27
47
53
49
41
0
39
30
9
15
42
28
21
33
39
56
14
44
32
37
6
38
72
36
38
17
30
29
24
21
40
48
52
37
21
29
38
0
27
12
24
33
29
35
27
22
22
16
40
34
57
10
57
9
56
25
51
37
61
35
34
5
22
51
46
52
18
12
4
38
33
50
29
48
25
13
9
27
16
24
0
48
34
38
28
13
37
38
40
19
2
24
11
28
56
32
30
49
32
11
34
46
27
45
30
36
38
29
27
12
29
52
23
34
51
20
16
24
32
10
21
32
19
39
28
35
2
25
21
57
32
23
42
34
34
]
w:[
3.4
1
1.7
3.3
2.5
0.7
1.7
1.6
2.3
1.1
2.5
1.4
4.6
2.9
3.4
1.7
3.3
2.5
1.5
1.9
3.1
2.3
1
1.6
2.2
2.4
0.1
2.6
2.7
2.1
3.7
1
2.5
0.5
0
2
2.2
1.4
1.7
2.8
1.6
2.8
1.4
2.2
3
1.5
0.7
1.7
0.5
1.9
3.3
2
2.7
2.1
0.7
1.1
2.1
2
0.8
1.8
0.7
1.6
0.8
2.9
0.6
1.9
1
2.3
3.3
1.5
1.2
3.2
2.5
0.5
1.8
2
3.8
3.5
2.7
1.5
2.3
2.1
2.2
2.7
0.3
2.2
0
2.7
1.8
1.4
2.5
2
0.8
2.9
3.7
2.8
2.3
1.6
1.8
3.6
1.8
2.9
1.6
2.4
2.1
1.3
1.9
1
2.5
0.3
1.2
0.9
1.7
1
0.9
1.6
1.8
2
0.8
1
2.2
1.4
2
3.5
1.3
2.7
2.7
0.9
1.6
1.4
3
3
2.3
3
1.7
1.2
1.9
1.9
2.4
2.8
1.7
2.7
2.5
0
1
2.1
0.9
1.4
1.3
4
2.1
1.8
2.7
2.1
1.9
1.1
1.3
0.3
3
2.7
2.4
2.2
0.6
1.8
2.5
2
2.4
3.1
3
1.4
2.2
2.5
3.3
3.5
2.5
3
3.4
0.4
1.8
1.8
2.5
0.7
1.4
0.9
0.3
3.1
3.2
1
2.4
2.7
3.3
1.6
2.5
2.1
1.5
1.2
2.7
1.4
2.1
0.9
4.4
0
1.8
3.4
2
3.5
0.7
0.2
1
3.1
3.3
1.6
2.6
2.8
0.2
2.5
2.9
2.9
1.2
1.3
2.3
1
1.8
1.8
0.8
2.9
2.9
0
1.1
2.5
3.2
0.6
1.2
2
1.9
2.5
1
1
1.1
0.6
2.5
3
3.6
0.9
1.2
2.5
2.5
0
0.8
1.8
1.1
1.8
1.3
1
1.2
2
0.6
0.5
3.6
0
2.9
2.8
0
2.4
2.4
2.7
3
3.7
3.1
1.6
0.7
2.5
3.5
3.1
1.9
3.4
1.5
2.3
2.4
1.2
3.6
0.9
0.7
2.6
3.2
1
1.9
0.8
2.5
1.8
3.5
2.1
1.5
3
2.6
2.6
3.9
1.6
3
0.9
]