"N_MACHINES:20	N_JOBS:300	CHARGING_TIME:60	INITIAL_CHARGE:10"
D:[
23
42
33
50
27
35
36
50
42
30
34
26
30
27
28
20
31
33
13
8
13
41
21
41
31
23
32
62
31
28
4
5
15
41
7
47
39
43
46
43
51
0
16
22
21
41
61
18
46
0
22
35
28
12
5
21
41
45
1
32
30
45
43
32
44
27
27
39
41
55
29
1
32
53
36
54
28
44
7
43
52
27
41
18
42
34
16
30
34
41
32
32
22
46
37
51
26
27
44
45
11
28
31
32
42
27
33
52
36
22
21
24
32
61
42
29
16
24
32
48
20
13
20
45
46
25
28
37
36
47
38
41
29
26
44
48
20
0
42
26
42
26
38
50
28
42
51
27
11
48
50
54
49
19
15
42
27
20
18
27
32
44
32
29
27
28
42
9
45
25
15
11
36
32
29
26
50
34
38
32
49
44
29
1
31
12
17
32
31
39
34
32
25
48
68
56
22
49
37
57
17
27
39
37
22
17
25
19
47
34
25
16
15
25
26
17
9
44
31
44
23
23
34
40
18
11
28
35
18
19
54
24
38
31
63
0
50
0
32
4
44
34
48
6
27
37
35
38
11
28
66
43
42
56
25
21
32
20
29
14
20
28
34
32
33
13
31
29
40
19
73
31
32
40
38
21
39
16
59
39
21
27
4
52
36
27
31
10
44
27
49
45
18
14
24
62
35
30
36
52
]
w:[
1.1
0.7
1.3
0.5
0.9
1.4
0.8
1.2
1.2
0.5
0.5
1
1.3
0.3
0.5
1.2
1
1.6
1.5
0.8
0.1
0.5
1.4
0.7
1.3
1.6
0.8
1
0.6
0.6
1.8
1.8
0.5
0.3
1
0.9
0.3
1.6
1.3
0.5
0.9
1.8
1.2
0.4
1.5
0.1
0.8
0.8
0.8
1.4
0.6
0.5
1.2
1.5
0.8
0.8
2.1
2
0.7
0.8
1.2
1.3
1.3
0.7
1.2
0.8
0.8
0.5
0.8
1.3
0.8
1.5
0.6
0.5
1.3
0.9
0.7
0.5
1.1
1.3
1
1
0.6
0.5
1.4
1.5
1.2
0.9
0.4
1.2
0.8
0.8
1
0
0.3
0.3
0.2
0.8
0.8
1.7
1.5
1.2
0.8
1.3
0.7
0.4
0.3
0
1.6
0.1
1.2
0.6
0.6
1.2
0.9
1.1
0.3
0.8
0.7
1.2
0.7
1
1.2
0.5
0.8
1.3
1.4
0.7
1.7
1
0.7
0.1
0.5
1.1
1.6
1.4
1.8
1
0.7
2
1.7
1.7
1.6
2
0.6
1.5
1.2
2
2
1.4
1.4
1.2
1.3
0.7
0.4
1.2
1.4
0.8
1
0.4
0.9
1.3
0.1
0.9
0.9
0.6
0.9
0.5
1
1
1
0.6
1
1.7
1.2
0.7
0.9
1.2
0.8
1.3
1.2
0.3
1.8
0.9
1.7
1.7
1.5
1.5
0.1
1.6
0.5
1.6
0.8
0.5
1.5
1.4
1.2
0.5
1.2
0.8
1
1.5
1
0.3
0.3
1.5
0.7
1.8
1.4
0.8
1.2
0
0.7
1.7
1.5
1.3
1.4
1.5
0.6
1.3
1.5
0.7
0.6
1.2
0.8
1.9
0.8
1.7
0.1
1.1
0.3
0.7
0.3
1
1.7
1
1.6
1.5
1.6
0.5
1.3
1.6
0.9
1
0.9
1.5
1.2
0.7
0.6
1.3
0.5
1.7
0.7
0.2
0.2
0.5
0
1.2
1.7
0.5
0.6
0.8
1.2
0.8
0.9
0.7
0.3
0.4
0.8
0
0
0.9
0.6
1
0.7
1
0.9
0
1.1
0.6
2
0.9
1.1
1.4
0.6
1.2
0.5
0.6
1.2
0.6
0.1
1.6
0.6
0.7
0.9
1.7
1.2
1.3
1.2
1
]
