N_MACHINES:20	N_JOBS:300	CHARGING_TIME:60	INITIAL_CHARGE:10
D:[
53
33
51
38
59
24
56
25
25
21
22
11
16
26
8
16
27
50
52
53
29
31
31
22
12
20
0
28
39
11
43
29
19
58
57
17
42
17
8
28
37
51
53
32
44
43
15
24
32
22
14
0
46
33
26
32
38
46
33
44
10
78
30
28
39
38
9
21
22
51
12
11
32
32
43
34
41
25
41
30
22
29
20
22
57
44
40
31
43
33
22
30
43
41
18
28
35
22
21
44
30
27
0
3
33
44
18
28
48
47
38
43
47
55
36
44
7
47
24
42
10
11
41
43
31
54
24
46
58
26
28
17
10
34
46
24
34
51
31
23
10
15
40
39
15
18
5
22
22
47
13
44
19
7
31
14
41
31
32
26
36
43
39
20
34
40
46
26
20
57
25
24
33
8
27
22
53
31
44
7
0
55
35
19
14
20
0
27
35
25
27
24
32
11
23
13
46
61
49
0
34
19
38
46
14
17
48
14
27
42
35
30
24
4
32
33
31
46
52
27
34
21
22
22
47
28
73
19
31
43
59
15
29
53
34
21
21
48
35
20
12
40
31
21
12
26
37
21
42
0
50
30
4
14
44
16
25
63
15
28
15
22
26
23
39
24
40
21
21
0
0
51
0
49
28
30
11
28
48
20
22
13
2
38
42
24
24
31
51
36
3
30
44
43
15
33
34
41
17
15
]
w:[
3.4
5.8
4.1
0.4
0.7
3.6
4.1
1.2
5.8
2.9
5.7
2.8
4.4
6
3.4
4.8
4.8
3.3
7.1
3.7
0
2.6
1.3
7.5
5.6
5.4
3.6
3
5
5.8
1.7
5.6
3.7
4.4
4.6
1.7
4.1
3.8
1.9
7.5
3.3
7.3
3.1
5.2
0.5
3.5
7.7
3.4
3.2
4.2
0
6
3.9
2.9
5.7
4.9
6.2
0.3
5
0.4
0.4
2.5
6.4
3.6
6.3
5.9
4.5
6
5.7
4.1
1.3
2.2
6.7
0.8
2.7
2.5
3.8
3.2
0
4.2
0
3.1
6.4
4.2
5.2
6.7
5.7
1.2
4.8
1.5
6.8
7.1
3.8
7.4
2.5
2.6
2.1
6.2
2.2
2.5
5.9
7.3
5.7
3.6
6
6.2
0.2
5.9
2.6
4.3
4
3.5
6
3.8
2.9
8.5
0.3
2.1
6.5
4.8
6.4
4.1
7.1
3
2.5
4.4
5.2
4
6.2
4.9
5.4
2.8
3.3
2.7
2.5
2.7
2.6
2.5
4.3
4.1
5.3
3.9
2.8
1.1
0.4
5.2
3
2
4.5
1.7
4.8
3.5
3.9
5.4
5.1
5.1
3
3.4
4.5
1.8
0.1
6.9
4.2
6.9
4.7
4.2
0.2
5
4.4
1.5
4.4
5.3
3.9
3.6
2.7
4.3
3.5
3.5
4.2
4.4
2.7
0
4.7
6.9
0
0.3
5.1
10
2
1.9
7
2.5
4.7
6.5
2.6
4.9
5.5
3
1.3
2.5
2.7
2.7
4.7
4
4.3
6.6
1.3
5.4
3.2
5.5
7.1
4.6
5.8
5.4
1.2
4.5
2
3.6
1.4
3.9
4.8
5.3
0.5
6.6
3.2
0.5
4.9
6.4
5.3
1.2
2.1
2.2
2.2
3.7
6
2.7
3.6
4.9
1.3
1.8
3.3
2.7
2.5
2.2
2
7.3
4.7
5
4.3
7.4
3.2
3.8
5
5.3
1.5
2.9
3.4
6.8
1.4
1.1
4.3
4.3
0.3
4.9
4.6
3.5
1.7
0.8
5.6
0.8
4.3
5.3
3.4
4.4
1.2
5.2
4.2
5.1
1.6
5.2
4
0.2
2.9
1.5
2.9
3.3
7.1
9.1
4.5
4.8
3.5
2.1
0
5.4
6.5
4.6
0.1
7.2
3.6
4.6
]