"N_MACHINES:20	N_JOBS:300	CHARGING_TIME:60	INITIAL_CHARGE:10"
D:[
31
9
37
60
16
23
20
15
36
9
6
43
42
53
32
23
21
31
11
29
34
2
41
1
10
44
17
25
34
50
15
16
14
11
18
29
58
16
33
36
21
25
18
60
22
24
36
4
56
45
42
64
36
27
49
46
16
44
2
43
30
57
25
19
50
27
22
32
28
8
51
4
29
46
34
22
33
42
30
43
20
56
19
0
23
32
28
23
26
8
26
31
13
46
25
36
25
28
16
32
40
52
24
21
6
30
19
39
8
43
27
42
48
44
3
5
26
33
40
50
25
15
18
22
27
37
19
0
36
41
24
44
37
26
55
18
25
30
52
21
17
22
25
56
30
14
33
48
25
59
41
38
3
22
34
33
14
5
12
33
31
37
46
0
29
50
22
28
35
11
48
12
21
14
32
32
22
29
20
40
21
43
30
39
35
33
46
36
42
0
43
12
38
30
36
40
8
27
18
47
28
35
40
14
41
43
12
7
18
35
32
21
38
28
10
22
32
40
58
50
32
25
23
51
24
23
51
17
21
30
17
36
4
49
31
24
1
37
11
34
56
36
41
34
36
24
18
13
35
24
21
47
37
8
30
37
64
36
24
28
7
24
25
27
45
30
30
27
40
31
19
37
37
57
19
30
39
30
29
10
33
26
52
44
19
18
31
15
39
49
19
62
27
12
10
23
44
9
44
31
]
w:[
1
1
0.9
1.3
2.1
1.4
1.5
0.9
1.2
0.5
0.7
1.3
0.8
0.1
0.5
1.1
0.2
1
0.4
1.4
0.7
1
0.7
1.2
1.8
1.3
0.6
0.7
0.3
0.9
0.5
0
1.5
0.7
1.2
0.9
0
1.3
0.6
0.6
1.2
1.8
1.5
0.8
1.6
0.8
0.9
0
0.7
1.7
0
1.1
0.7
0.2
1.3
0.9
0.9
1.8
1.3
2.5
0.9
0.7
0.9
0.4
1.3
1.4
1.3
1.3
0.9
2
1.1
1.5
1.1
1.7
1.2
0.7
1
1.1
0.6
0.9
1.8
2
1.1
1.3
0.6
0.6
0.1
1.2
0.5
1.2
0.7
1.3
0.7
1.6
1.2
0.8
1.5
1.4
0.5
0.7
0.7
0.6
0.7
0.7
0.6
1.3
1.8
0.5
0.5
0.2
0.5
0.3
0.2
0.8
0.6
0.6
1
0.7
1.4
0.6
1
1.9
1.3
0.5
1
0.9
1.1
1.5
0.8
0.8
1
0.5
0.5
1
0.2
1.3
0.3
0.8
0.3
1.4
0
0.8
1
1.3
0.6
0.5
1.5
1.1
1.2
0
1.6
0.1
1.3
1.2
1.1
0.7
1.3
0.2
0.3
1.1
1.3
1
0.9
1.3
0.6
0.4
1.3
0.8
1.5
1.3
0.6
0.8
1.6
1.7
0
1.2
1.1
1.3
1.1
0.5
0.8
0.6
0.8
1.1
0.2
0.4
1
1.1
0.7
0.6
1.4
0.6
1.5
1.8
0.7
1.9
0.7
1.1
0.8
0.8
0.5
0.2
0.5
0.2
1.4
0.4
0.9
0.5
0.2
0.9
0.6
0.7
1.4
1.7
0.3
0.5
1.6
1.4
1.2
2.5
1.2
0.2
1.3
0
1.7
1.3
0.3
1.3
0.9
1.7
1.1
1.1
1.4
1.4
1.1
0.6
0.7
0.9
0.6
0
0.8
1.6
0.8
1.3
1.4
0.3
1
1.2
1.2
1.5
1.4
1.5
0.9
1.5
0.6
0.6
1.3
1.3
0.7
1.3
0.7
1.5
0.2
0.8
1
0.8
0.7
2.3
1
0.6
1.1
0.9
1
1.2
0.6
1.3
0.6
1.2
1.1
1.2
1.1
0.6
1.3
0
0.7
1.1
0.6
0.4
1.5
0.8
1.5
1
1.6
0.3
1.5
0.8
1
1.7
0.9
0.6
]
