"N_MACHINES:20	N_JOBS:300	CHARGING_TIME:60	INITIAL_CHARGE:10"
D:[
24
34
25
41
27
14
37
31
37
25
5
32
43
37
45
0
37
62
14
16
27
26
42
14
35
3
44
33
45
19
17
14
10
42
18
59
14
51
30
46
23
71
39
21
43
22
34
38
35
16
27
30
53
9
23
22
51
39
54
30
22
34
45
40
22
5
0
13
73
23
37
49
31
27
27
41
32
37
11
16
15
38
12
25
38
35
40
20
48
34
32
60
17
35
43
46
23
45
31
58
10
38
48
15
30
25
34
31
15
28
26
58
39
40
38
20
30
21
9
16
50
49
43
37
20
56
42
6
25
24
24
37
34
34
29
30
22
12
27
13
33
37
45
30
14
59
29
30
17
26
43
26
39
57
38
13
28
14
36
34
24
42
0
47
39
33
37
36
35
29
6
42
13
62
28
15
32
38
31
36
40
26
31
47
29
44
22
25
22
22
43
47
16
46
35
23
48
18
31
44
49
20
41
30
35
18
19
47
27
30
48
8
60
14
15
9
48
1
41
31
25
22
13
23
35
4
51
19
44
0
21
31
22
57
21
11
31
8
37
35
39
22
26
22
50
6
21
46
32
27
45
21
26
33
4
18
35
13
27
72
39
6
28
21
31
50
11
39
24
48
29
27
30
34
8
0
30
43
28
21
33
8
37
43
17
35
21
1
34
50
30
55
27
46
29
43
19
38
21
31
]
w:[
2.1
2.4
4.1
2.2
2.8
2
2.6
2.2
0
1.3
0.4
2.8
0
2.8
2.2
2.5
0.3
1.3
2.3
1.2
0.8
1.2
1.2
3.4
0.8
1.5
1.4
2.2
0.3
0.7
1.5
4.2
1.9
0.8
2.1
2.1
3.1
2.5
1.6
0.1
1.4
1.9
0.1
1.9
1.2
1.9
3.3
0.3
3
2.1
2.3
2.8
2.3
2.9
0.9
2.5
1.7
1.7
2.2
3
3.8
2.2
1.3
0.8
2.7
2
2
0.8
0.6
2.1
2.3
1.5
1.4
1.3
3
2
3.8
2.9
0.7
1.8
1.5
1.8
1.8
2.8
2.3
3.2
1.5
1.4
1.1
2.1
1.4
2.7
0
3.1
4.3
1.9
2.4
2.4
1.7
1.9
1.8
3.9
1.6
2.6
1.5
1.1
1.9
1.9
3
1.2
0.4
0.4
4.2
2.7
1.7
4.6
2.4
2
1
3.3
3.3
2.5
0.4
2
0.7
0.6
1.2
1.8
1.4
1.5
1.1
2.7
1.8
1.5
1.6
1.6
2.4
3.1
2.2
1.9
1.3
1.3
3
1.6
0.7
2.3
0.3
1.2
1.7
2.1
1
1.8
1.6
2.5
3
1.4
2.5
2
3.3
2.1
1.8
3.5
2.1
3.2
1.6
0.7
0.1
2.3
2.2
2.4
3
1.3
1.9
1.2
1.1
2.4
1.8
3.2
3.1
3.6
2.5
0.6
0.6
1.5
0.6
2.8
0
0
2
4
0.5
0.8
2.5
3
2.8
0.9
1.7
1.7
1.4
2.5
2.5
1
2
2.4
5.2
1.2
2.8
1.6
1.5
3.3
2.1
0.9
3.3
1
1.7
0.8
4.5
2.1
1.9
2.4
1.5
1
1.4
0.9
1.7
3
2.4
0.7
0.9
2.7
1.7
0
1.8
1.3
1.3
2.4
2.2
0
3.4
1.2
3.2
3.1
2
0.5
4.1
2
0
2.7
1.2
0
2
2.5
2.6
2.2
3.9
0.4
3.4
3
3.8
3.2
1.1
1.6
4.6
1.2
2.9
1
2.4
1.9
1.9
1.1
2.5
2.6
1.4
2
0
4
3.8
1.8
2.3
1.5
3
0.5
2.2
2
3.2
1.9
0.8
1.6
2.1
0.1
0.8
3.2
1.4
2.1
1.1
2.4
1.7
0.7
1.6
1.5
]