"N_MACHINES:20	N_JOBS:300	CHARGING_TIME:60	INITIAL_CHARGE:10"
D:[
59
0
44
25
37
25
48
30
41
57
20
47
44
17
15
38
19
49
16
23
26
14
0
18
27
25
40
56
55
29
30
21
21
31
39
31
55
30
32
41
21
3
20
56
36
57
37
7
39
46
38
12
38
28
23
16
22
39
28
30
34
30
30
26
18
25
19
31
49
39
48
33
30
23
46
64
35
10
49
40
27
31
39
28
53
46
49
30
44
45
54
47
22
37
39
16
36
0
17
28
17
42
70
16
25
13
9
63
49
35
6
29
10
46
21
23
42
33
44
36
45
36
33
50
45
22
29
37
32
15
37
25
9
4
33
37
12
14
46
0
41
21
44
19
58
51
49
11
0
35
0
19
76
35
20
17
47
16
39
20
44
15
19
34
54
19
9
4
10
2
41
17
4
50
28
40
36
13
44
35
49
34
15
53
58
16
56
29
45
30
25
0
6
12
36
16
34
6
16
36
22
31
15
36
40
51
15
8
17
30
30
35
13
15
38
39
13
32
41
11
22
22
0
18
72
22
49
26
16
71
31
55
53
16
51
19
56
29
60
30
51
22
20
30
34
61
38
13
10
13
47
72
25
31
17
10
34
17
35
18
46
28
36
24
15
45
35
54
39
15
35
35
28
40
29
54
42
37
9
23
27
30
50
1
43
17
14
21
19
33
60
42
44
24
40
32
31
19
26
44
]
w:[
0.9
0
1.1
0.8
1.1
0.3
1
0
0.3
1.6
0
1.1
1.1
0.7
0.5
0.5
1.7
2.2
0.3
1.6
1.4
1.6
0.3
1.1
0.6
0.7
1
0.7
0.5
0.9
1.4
0.3
2.1
1.7
1.5
1
1
1
1.1
0
0.7
1.4
0.2
2.1
1.7
0.6
1.2
1
0.6
0.4
1.2
2
1.5
0.6
1.3
1.4
0.7
0.1
0.7
0.1
0.8
1.1
0
0.9
0.7
0.7
0.7
0.1
1.3
1.3
1.2
0.8
1.6
1.5
1.5
0.8
1.2
0.4
2.2
0.4
1.4
1.8
1.2
1.2
0.7
0.7
1.4
1
1.1
1.6
0.2
0.5
0.7
1.7
0.2
0.5
0.6
1.9
1
0.8
0.8
0.8
0.9
1
0.9
0.3
0.9
1
0.6
0.2
0.9
0.7
0.7
1.4
0.4
0.3
0.7
0.9
1.8
1.5
0.9
1.3
0.7
1
0.6
0.1
1.2
1.1
1.3
0.3
1.1
1.1
1.7
0.9
1.4
0
0.9
1.1
0.7
1
1.1
2
1.7
1.6
1.7
1.7
1.3
1.1
1.5
1
1.7
0.6
0
0.4
0.7
0.6
0.2
0.8
0.3
0.5
0.4
0.7
0.1
1.3
1.8
0.8
1.4
1.2
0.8
0.9
1.2
1.1
1
0.1
1.5
1.1
0.8
0.9
0.8
1.2
0
1.1
1.1
0.6
1
1.1
1.1
0.5
0.5
1.7
1.7
1.4
0.4
1.2
2
1.8
0.7
0.3
0.7
1.7
3
1.2
1.4
1.2
0.2
0.5
0.8
1.7
1.5
1.3
0.6
1.9
0.7
1
0.7
1.1
1.3
1
0.9
1.3
1.8
0.1
1.3
0.8
0.8
0.6
0.5
0.8
0.9
1.6
0.8
0.7
1.6
1.3
1
1.4
1.6
1.2
1.4
0.5
1.2
1.2
1.3
1.1
1.1
0.6
1.2
0.7
0.7
1.8
1.6
1.1
0.5
0.5
0.4
0.6
0.9
0.9
1.3
1.1
0.2
0.8
1.1
0.2
1.1
0.8
0.8
0.1
0.8
0.3
1.4
0.6
1.5
0.8
1.5
1.4
1.5
1
1.8
0.1
0.9
1.6
1.3
0.5
0.3
0.9
1.1
1.1
1
1
0
0.6
1.1
0.7
1
0.8
1.1
1.7
0.2
1.3
]
