N_MACHINES:20	N_JOBS:300	CHARGING_TIME:60	INITIAL_CHARGE:10
D:[
27
30
31
44
26
26
17
11
19
39
44
50
16
46
19
20
26
29
17
21
31
20
29
0
24
38
20
43
39
23
35
11
34
62
23
33
29
27
16
44
30
22
47
18
42
31
17
38
30
31
17
21
19
32
29
34
56
19
23
18
12
24
21
56
43
20
23
26
13
10
51
28
37
23
30
33
34
24
38
28
30
32
0
12
44
34
46
15
25
38
40
37
6
18
56
39
30
71
36
18
22
26
39
51
34
8
45
17
31
11
34
0
20
15
41
36
20
43
14
51
33
44
21
39
31
48
38
27
42
30
60
40
15
36
35
48
27
19
25
18
27
17
54
12
19
24
29
33
52
17
54
7
21
33
20
29
33
19
13
12
38
65
41
17
5
43
19
31
26
8
22
21
36
36
23
65
3
22
29
0
38
34
42
26
21
34
28
28
25
49
24
46
3
29
14
32
54
19
33
19
38
28
30
13
47
2
25
46
37
15
51
11
4
46
27
56
36
0
20
40
31
6
32
36
29
17
14
36
28
17
55
14
20
39
42
49
54
47
35
57
11
41
16
30
24
37
34
32
39
32
45
33
47
24
0
37
25
34
27
18
35
18
17
54
47
30
13
22
36
19
31
22
37
25
46
1
33
17
29
38
31
24
36
21
29
16
12
46
23
6
39
36
39
0
33
71
56
31
16
9
]
w:[
0
2.5
5.1
4.5
2
2
4.3
0.9
5.2
5.4
5.6
5.2
5.7
4.6
5.3
3.1
4.1
3.1
6.6
4.6
5.1
2.1
4.6
3
0.7
6.7
6.6
4.4
5.2
3.6
5.3
5.3
5.4
1.1
4.3
0.7
3
3.2
7.2
2.7
4.9
1.1
7
1.6
3.7
2.7
4.7
4.9
6
5.6
4.6
4.8
0
4.5
2.5
1
6.2
3.9
5.1
6.7
0.7
4.4
3.3
3.3
4.2
7.3
3.4
3.2
0
5.3
4.7
3.9
1.1
2.2
4.8
1
3.6
3.3
1.5
6.7
3
3.7
2.5
3.5
4.6
3.6
0
4.6
4.9
5.5
4.8
2.9
4.9
2.2
5.6
3
3.7
5.6
7.8
1.2
4.7
0.9
4.8
2.8
2.9
4.2
3.9
8.1
4.5
5.7
1.8
7.3
4.6
2.6
5.5
4.8
4.2
0.4
5
3
3.1
4.9
3.2
5.1
4.9
3.3
2.2
3.3
5.6
0.6
2.7
1.1
6.1
7.4
4.4
3.9
2.4
5.5
4.1
4
3.4
5.9
1.1
3.6
5.1
6.4
6.4
2.4
3.3
3.3
4.8
2.5
2.2
2.9
7.2
5.8
4.4
4.3
5.1
4.3
7.7
3.3
4.4
0
2.9
8.1
3.9
6.6
0
2.6
5.9
1.5
5.3
4.2
3.9
5.8
1.6
2.9
2.4
1.7
0.1
5.3
3.6
4.7
4.7
3.4
3
6.2
5.3
4.4
1.6
4.9
4.9
6.1
2
4.3
6.2
3.5
4.8
5
3.1
5.1
3.1
2.4
2.5
2.2
3.7
7.3
4.2
3.2
1.6
4.3
5.1
4.2
2
5.5
3.3
5.7
3.5
6.8
0
4.9
0.6
3.5
4.2
5.4
3.6
2.9
4.9
2.3
3.7
5.1
1.5
6.7
1.7
2.4
5.5
0.7
4.5
5
4
6.8
3.3
5.4
4
1.2
3.5
5.1
2.8
4.6
2.7
4.8
2.8
2.8
6.1
3.6
4.8
4.1
7.7
3.7
0
6.1
5.3
3.6
4.6
4.6
3
4.2
6.4
4.5
3.7
4.5
5.3
4.9
5.8
1.8
5.4
4.5
6.2
6.1
4.1
4.9
0.9
3.3
1.9
6.2
6.1
0.3
5.2
5.2
7
4.4
1.3
4.8
4.8
9.7
2.4
3.4
5.8
5.1
]