"N_MACHINES:20	N_JOBS:300	CHARGING_TIME:60	INITIAL_CHARGE:10"
D:[
32
23
36
35
28
27
31
27
39
23
35
12
38
0
34
37
46
52
22
0
46
56
41
41
22
35
26
51
27
27
5
21
13
0
45
38
60
32
29
31
36
2
41
51
9
47
13
41
18
32
30
30
4
22
8
23
29
46
28
43
41
19
24
35
16
47
0
41
27
30
15
18
38
3
35
53
31
29
44
64
20
60
29
37
8
28
38
31
3
30
34
20
53
32
27
43
9
21
50
42
42
47
73
22
30
35
32
37
16
18
26
16
6
35
15
26
50
25
20
25
31
21
18
19
34
31
18
15
42
46
19
52
46
62
33
26
0
43
33
18
31
27
16
34
45
29
38
0
34
48
35
10
34
64
32
42
34
27
29
37
43
35
9
51
11
39
34
32
41
6
18
14
42
26
40
49
36
35
42
2
28
25
38
38
12
41
25
9
46
17
37
49
23
19
13
24
45
45
54
13
25
23
24
28
40
50
0
31
13
19
36
48
42
32
14
34
11
33
4
15
11
1
39
54
24
36
32
25
30
46
37
33
24
36
6
29
25
17
36
25
70
28
65
43
24
38
21
18
39
26
14
18
34
45
32
0
36
14
27
41
57
37
16
36
53
30
26
51
49
49
25
33
23
8
27
33
25
45
50
13
33
51
32
41
15
25
42
56
27
33
46
10
36
33
38
19
0
16
55
25
]
w:[
0.4
1
0.5
0.7
1.1
1.1
0.7
0.2
1.2
1
1.9
1.6
0.8
0.7
0.7
1
1.1
0.5
0.5
0.8
1.2
1.7
0.8
0.3
0.6
0.9
0.5
0.6
1.7
1.1
1.3
0.6
0.8
0.6
0.5
0.8
0.7
0.8
1.4
1.2
0.5
0.9
0
0.7
1.7
0
0.1
1.1
1.1
1.3
1.5
0.7
1.5
2.2
1.2
1.2
1.3
1
0.6
1.2
0.6
1.7
0.9
1.1
0.9
1.3
0.8
2.2
1.5
0.4
2
1.8
0.7
1.3
1.7
1.4
1.1
1.6
0.1
0.8
1.3
1.1
0.9
0.7
1.3
1.2
0.4
0.7
1.9
0.3
0.9
1.3
0.8
0.2
1
1.5
1.5
0.8
1.4
0.7
0.9
0.8
0.9
1.2
1
1.1
1.3
1.4
1.4
1
1
1.1
1.5
0.9
0.8
1.8
0.9
0.9
1.3
1.1
0.9
0.3
1.5
1.1
0
0.3
1.5
1
1.5
0.6
0.4
1.1
0.9
0.9
0.9
1.1
0.5
1.3
0.9
0.9
0.7
1.9
0.3
0.6
0.8
0.8
1.5
1.3
0.6
1.1
0.9
0.3
0.6
1.2
1.1
0.6
0.7
1.2
1.5
1.5
0.8
0.8
1.2
0.8
0.2
0.8
0.9
1.2
0.9
0.7
1
1
2.1
1.8
0.6
0.4
1.5
0.7
0.3
0.4
1.1
0.7
0.8
0.4
1.3
0.6
1.4
1.8
1.7
1.3
0.2
1.3
1
0.3
1.4
0.2
1.2
1.5
0.9
1
0.9
1.2
0.9
1.2
0.7
0.8
0.9
0
1.4
1
1.2
0.5
2.8
0.7
1.3
0.8
1.3
1.4
1.2
1.9
0.4
1
0.7
0.2
0.3
0.7
0.5
0.7
1.5
0.2
1.4
0.9
1.4
1
1.2
1.3
0.1
0.8
1
0.6
1.6
0.4
1.6
1.2
1.3
1.1
1.3
0.9
0.8
0.7
0.5
1.1
1
0.6
1.3
0.2
1.3
0.5
1.3
0.6
0.4
0.6
1.1
1
1.7
0.8
0.2
1.3
0.5
1.5
0.7
0.6
0.6
1.2
1.5
2
1
1.5
1
1.6
1.4
0.6
1.1
0
0.4
1.1
0.9
1.3
0.5
1.7
1.1
0.6
0
0.3
1.6
1.1
1
1.1
1.8
0.8
]
