N_MACHINES:20	N_JOBS:300	CHARGING_TIME:60	INITIAL_CHARGE:10
D:[
0
59
27
16
27
22
25
47
0
0
29
54
9
20
44
0
34
50
17
45
34
8
24
47
26
39
0
20
49
16
20
23
57
59
32
32
3
0
43
10
47
26
15
44
5
0
19
38
48
12
29
31
35
49
42
2
37
17
45
14
32
42
37
32
39
8
32
38
0
44
8
24
24
69
22
34
9
42
15
32
43
40
39
39
9
29
50
23
32
23
16
35
19
27
7
24
19
42
37
51
25
28
41
31
38
63
40
38
43
36
30
33
13
15
31
50
4
27
42
48
5
32
12
34
37
27
23
27
37
55
25
44
29
32
47
12
37
29
19
36
43
34
28
10
29
30
11
53
11
32
41
27
22
17
47
27
50
27
41
59
34
59
20
22
12
35
34
37
29
37
43
14
19
3
37
13
25
10
13
43
36
22
40
55
24
35
32
34
34
32
35
30
32
7
36
77
33
40
26
33
43
25
47
26
33
18
7
28
46
14
49
31
29
47
35
16
45
34
8
17
49
5
36
52
29
14
38
27
53
37
16
16
7
12
43
49
27
42
18
24
26
37
58
25
8
15
41
41
34
44
30
31
35
40
32
22
42
10
36
32
27
46
22
39
39
16
5
36
37
20
46
44
26
41
35
48
46
43
54
40
10
51
29
36
47
48
19
34
40
50
29
24
22
46
11
38
20
20
21
25
]
w:[
2.8
2.6
7.6
4.6
5.5
3.2
5.8
0.1
5.6
3.6
2.7
7.9
3.3
3.5
5.3
6.6
4.3
1.5
7.5
2.9
6.1
1.4
3.9
5.7
5.6
7
4.4
0.4
0
4
3.2
1.5
4.2
7.7
5
3.5
4
2.2
0.6
2.7
2.6
2
2.9
5.8
8.9
6.7
3.4
1.2
2.2
2.1
6.5
2.6
3.7
1.6
5.9
3.3
5.7
4
0.5
6.2
3.2
1.8
4
7
1.4
2.4
5.2
4.4
3
1.8
9.5
3.2
5.5
5.4
1.7
6.9
2.9
3
8.2
3.9
4
2.6
5.4
4.9
0.9
5.9
6.3
3.9
8.4
4
2.2
1.6
1.4
3.3
0.9
3.5
3.7
1.2
5.9
5.6
4.5
0.9
4.7
6.7
3.7
3.6
4.3
9.1
3.9
3.3
5
4.1
1.6
3.9
4.2
5.5
2.4
9.5
6.1
1.2
5.1
5.2
5.9
5
3.9
2.2
4.2
0.2
5.9
2.3
5.1
4.2
2.7
2.5
4.9
4.2
4.8
4.6
4.5
4
4.9
3.3
2.1
1.9
3.8
2.6
3.1
3.3
5.8
6.1
5.9
3.9
3.7
4.8
5.8
4.2
8.8
8.3
1.7
1.9
3
3.5
5.7
3.5
2.3
3.9
1.4
2.7
8.7
2.4
5.6
1.1
6.8
7.8
3.1
0.6
3.4
4.1
4
1.9
6
1.6
5.9
2.4
1.4
2.4
3.9
6
3
5.2
3.5
1.9
2.6
3.1
0
1.8
5.2
0.9
2.8
5.1
3
4.4
6
4.2
4.5
5.1
7.3
4
3.4
1.7
1.8
8.5
8.1
0.6
7.4
3.6
5.9
3.8
5.6
4.7
3.6
4
3.6
5.4
4.4
4.6
8.4
5.3
4.2
1.6
7.4
6.9
4.5
3.7
2.9
5.1
5.2
0
0
4.1
5.6
5.2
1.5
2.5
8.3
2
2.6
3.8
2.4
2.4
2.8
3.3
4.8
6.6
5.7
0.4
1.5
0.5
3.6
3.4
5.1
2.4
4.4
4.1
6.1
4.3
3.3
6.8
4.1
6
4.4
2.6
1.5
5.3
3
6.9
3.7
4.7
5.6
2.4
3.6
4.8
5.2
5.7
4.3
6.2
2.2
6
2.8
2.2
7.9
4.6
6.2
2.9
2.5
7.2
2.1
3.2
2.1
7.6
]
