"N_MACHINES:20	N_JOBS:300	CHARGING_TIME:60	INITIAL_CHARGE:10"
D:[
47
54
32
23
50
34
23
24
38
19
28
41
16
32
38
51
55
48
9
23
22
15
32
58
50
60
25
36
70
18
31
38
10
38
29
44
14
46
58
56
20
45
42
16
6
41
27
30
33
23
46
3
20
36
30
22
60
11
45
16
12
19
38
30
25
0
28
15
36
55
10
19
26
35
16
43
24
9
51
26
37
35
23
50
27
33
20
14
35
28
7
45
31
30
26
43
29
26
42
45
23
12
43
47
15
3
39
25
2
43
8
17
24
0
35
35
16
23
36
40
26
18
27
26
36
63
55
71
4
13
31
36
19
19
50
21
42
30
28
39
45
47
1
54
2
42
51
20
28
10
18
10
43
58
12
69
0
16
13
33
14
29
10
14
33
30
13
40
32
43
20
33
15
24
21
42
46
42
30
34
21
49
55
27
36
30
15
50
21
26
25
31
50
41
33
27
4
21
32
26
32
40
39
50
49
12
32
0
47
9
50
58
33
31
58
41
29
4
18
24
0
30
32
32
60
43
0
38
34
33
12
34
23
25
20
51
23
12
27
23
17
15
15
13
30
10
33
35
32
5
24
27
11
42
39
37
18
4
39
52
13
42
34
48
35
26
27
22
48
62
32
20
22
24
14
44
30
34
8
26
1
32
50
15
47
32
31
29
44
10
21
53
49
12
45
61
34
39
21
21
]
w:[
1.4
1.1
0.6
1
0.2
0.2
1.1
0.1
1.1
1.3
0.5
0.9
1
0.2
1.3
1.1
1.3
0.7
0
1
1.9
1.2
0.4
0
0.8
1.1
1.2
0.6
1.4
0.6
1.2
0.8
0.8
0.9
0.8
0.6
0.4
0.5
0.8
1.3
1.6
1
0.9
0.1
1
0.2
0.4
1
1.5
1.1
0.7
0.6
0.3
1.6
1.6
0.4
0.4
0.3
0.8
1.1
1.3
1.4
0.3
1.1
1.1
1.7
1.1
2.2
0.7
1.8
1.6
1.1
1.7
0.7
1.3
1
1.1
1.3
1.2
0.7
1.9
1.1
1.1
1.1
1.7
1
0.2
0.7
0.7
0.2
0.3
1
0.5
1.1
0.7
0.3
1.4
0.5
0.6
1
0.9
0.4
0.9
1.5
1.7
1.2
1.5
0.9
1.2
0.8
0.5
0.7
0.9
1.2
0.8
1.4
1
0.5
0.3
0.4
0.4
0.5
1.7
1
0.3
1.4
1
2
1.4
0.9
0.9
1.1
1.5
1.7
1.7
0.7
0.7
0.4
0.8
0.8
1.4
1
2
0
0.1
1.2
1.3
0.8
1.1
1.3
1.4
1.6
1.3
1
1.2
0.2
0.9
0.8
1.1
0
1
0.8
1.2
1.5
1.5
1.5
0.8
1.1
0.8
0.5
1.8
0.6
0.4
1.2
0.1
1.1
1.4
1.4
0.5
0.9
0.6
1.3
1
0.3
1.4
0.7
0
1.2
0.9
1.1
0.6
1.9
0.8
1.5
1.5
1.4
1.2
0.9
0.7
1.1
1.1
0.9
0.7
1.3
1
0.4
0.9
0.8
0.9
0.9
1.5
0
0.7
1.4
1.1
1.3
0.7
0.9
0.5
1.1
0.3
0.7
0.3
1.1
1.4
0.8
0.9
1.5
0.9
1.2
1.4
1.2
0.8
0.9
1.5
0.6
0.8
0.9
0.4
1.1
0.9
1.5
0.4
1.1
0.5
1.3
1.1
1
1
0.9
0.6
1.1
1.3
0.9
0.1
0.1
1.1
1.9
1.3
0.8
1.4
0.3
0.3
0.6
0.7
1.7
1.2
0.7
1.3
0.6
1.8
0.8
2
1.4
2.1
1.4
1.2
0.6
0.6
0.9
1.7
1.2
0.7
1.1
0.4
1
1.7
1.5
1
0.6
0
0
1
0.8
1.9
0.9
1.3
1.1
1.3
1.1
]
