"N_MACHINES:20	N_JOBS:300	CHARGING_TIME:60	INITIAL_CHARGE:10"
D:[
4
14
46
36
14
31
54
30
33
29
30
11
34
16
27
36
36
20
41
14
24
15
19
33
38
33
33
33
42
48
26
47
25
59
16
36
0
17
44
19
13
11
12
46
39
26
33
0
21
20
69
27
35
26
26
18
30
26
50
65
16
37
40
16
35
24
15
14
44
24
12
17
25
31
50
28
51
23
42
4
48
10
6
30
37
32
39
41
11
32
64
27
11
53
20
28
57
35
30
35
43
23
40
0
7
38
6
24
17
37
34
4
0
15
12
38
23
39
39
28
15
34
16
22
32
16
43
45
24
13
37
30
18
11
14
45
27
8
12
44
22
42
45
12
0
33
39
51
4
31
28
12
0
15
31
22
11
33
39
59
36
21
24
43
22
23
14
8
27
18
11
36
57
49
26
30
41
33
27
23
14
36
12
41
41
34
50
0
42
20
33
66
27
16
32
20
36
36
0
41
28
53
14
34
13
35
38
39
38
24
21
34
11
30
19
30
17
41
20
28
27
10
25
23
9
31
8
76
37
40
20
32
38
26
40
30
23
36
54
37
65
23
39
44
40
40
40
45
0
24
40
31
47
40
52
50
45
42
33
20
57
26
29
30
29
54
11
23
38
84
33
21
31
48
37
10
44
57
26
58
67
50
26
48
35
37
55
23
36
30
33
67
43
28
0
19
25
4
47
26
]
w:[
4.4
2.7
3.2
2.3
3
0.7
1.8
1.1
2.9
2.5
3.7
1.3
2.5
2.7
1.4
0
1.4
1.7
2
2.2
3.3
2.3
3.9
3
4.1
1.6
1.7
2.7
1.8
2
3.4
1.9
2.2
2.2
1.3
2.1
2
1
2.8
2.5
1.5
2.4
0
1.9
1.9
1.9
0.6
1
2.1
2.3
1.8
2.5
1.3
2.3
2.9
0
3.3
0.3
1.7
2.8
0
2.7
2.4
0
0
2
2.2
0
2.9
2.6
4.7
2.9
2.1
3
0.4
2.9
2.7
3.1
2.6
2.2
3.3
0.8
1.4
4.2
1.3
1.3
2.7
1.6
1.5
2.1
1.9
1.6
3.4
1.5
3
2.5
3
0.8
3.8
1.7
1.8
0
0
0.9
0.2
0.1
2.3
2.9
0.3
1.3
3.8
0.4
1.5
2.9
2.6
2.5
2.6
3
0.8
1.9
0.4
1.1
2.7
1.3
2.7
0.8
0.6
3.5
0.2
3.5
2.3
1.5
1.6
0.7
0
3.5
2.3
2.8
4
1.5
1.7
1.9
1.8
1.9
1.6
3.3
1.7
2.7
1.3
2.6
4.5
1.5
0.9
3
1.5
2
1.4
1.7
2.8
1
1.1
0
2.3
2.7
0.9
2.2
2.2
1.5
2.3
1.7
1.8
1.7
1.3
1.6
2
0.4
2.8
1.2
1.9
1.6
2.1
3
2.1
1.6
0.6
2.2
4.2
2.1
0
1.3
2.6
1.3
1.5
1.9
3.1
0.8
0.3
1.5
3.1
2.8
0.8
3.9
0.3
1.9
0.8
1.4
1.8
4.8
0.8
1.9
1.5
2.7
3
3.5
3.9
1.2
2.5
3.8
2.2
2.7
2.4
3.5
1.3
0
2.9
1.5
1.2
2.8
1.2
4.4
3.2
0.8
4
2.5
3.4
2.9
1.6
0.7
2.3
2.2
0
1
0.9
3.1
1.7
2.3
2.6
3.6
0.5
1.7
2.6
3.3
1.9
2.6
0.7
1.1
1.2
2.2
2.3
3.6
0.8
0
3.4
1.8
1.9
0.4
3.7
3.2
4.2
0
2.5
1.5
4.1
1.8
0.2
2.6
4.3
0.6
3.2
2
2.6
0.8
1.1
2.8
3.8
2
1.4
2.3
1.2
3
3.1
1.4
3.4
0.8
3.1
2.5
1.7
1.5
0.8
1.7
]