"N_MACHINES:20	N_JOBS:300	CHARGING_TIME:60	INITIAL_CHARGE:10"
D:[
25
32
46
22
22
44
21
35
16
32
16
38
42
19
4
5
38
23
26
64
25
35
29
39
27
33
31
14
30
51
59
31
24
30
37
40
43
32
0
27
24
33
30
15
37
38
37
27
33
55
16
30
17
40
22
44
31
0
22
48
25
27
41
35
50
31
53
41
18
36
28
44
20
20
57
23
33
35
8
22
42
3
31
0
38
44
52
66
20
26
20
43
46
1
12
28
42
33
25
37
28
6
6
27
20
29
29
34
15
24
27
4
58
37
44
40
14
62
14
54
12
24
24
14
30
2
30
24
46
49
38
19
32
35
29
28
36
19
22
46
19
35
4
41
15
19
35
74
29
29
37
39
36
40
44
22
20
23
22
46
4
46
42
15
26
40
20
35
36
59
0
11
27
18
47
41
24
43
43
12
24
37
28
25
34
31
16
16
33
51
23
30
1
27
54
36
38
33
25
57
25
23
19
29
22
5
55
31
39
31
5
10
13
17
13
18
45
30
49
25
23
38
32
29
33
28
74
23
27
36
25
71
50
66
39
23
38
25
39
43
25
42
26
50
35
19
36
26
36
11
9
19
45
15
27
24
14
35
30
44
22
34
55
21
8
19
55
33
38
24
14
24
33
2
46
21
27
23
16
25
20
34
6
28
48
23
33
60
4
39
77
33
44
58
25
48
27
31
34
16
]
w:[
2.6
2.2
1.3
3.6
3.8
1.4
2.7
1.9
2.6
2.1
1.8
4.4
1.5
2.2
1.5
2.7
3
3.5
1.9
0.8
2.1
1.5
0.2
0.5
1.6
2.6
2.5
0.8
1.4
3.5
0
2.7
0
3.2
2.2
0.5
2.4
3
2.7
2.4
0.5
3.1
3
0.2
1.1
1.4
3.4
0.5
3.2
1.2
0.8
1.9
1.6
1.5
2
1.5
0.9
0.8
1.7
2.2
3.5
1.3
1.7
2.3
2
2.1
2.7
1.5
1.3
2.6
0
1.9
1.4
2.8
3.5
2
2.4
2.3
3
3.1
1.8
0.8
2.4
3.2
3.3
2.8
1.9
2
2.6
2
3.7
1.9
2.4
2.3
2.3
2.3
0.4
0.7
1.2
1.9
2.8
1.5
3.5
1.4
1.5
2.5
2.8
2.3
1.9
2.7
1.9
2.2
4.2
1.2
1.7
0.8
2
3.5
2.9
0.7
0.4
2.2
0.6
1
3
1.7
2.4
2.8
2.3
2.2
2.7
2.8
1
1.3
1.1
0.2
2.3
2.2
0.6
0.7
1.7
2.8
2.9
1.5
0.3
0.5
1.4
2.6
3
2.4
1.3
1.3
4.2
1.7
0.4
2.5
1.1
1.2
2.4
3.6
2
0.5
0.1
2.3
0.7
1.2
2.8
2.8
1.7
2.7
0.6
1.9
2.4
1.8
0.5
1.3
0.9
1.2
2.4
1.6
2.2
0.7
0
2.6
0.5
1.1
1.7
1.3
2.5
1
1.1
1.6
2.7
2.2
2.4
0.1
1.1
1.9
2.7
0.2
3.3
1.5
2.9
1.9
0
3.3
1.8
1.5
1.1
2.3
3.6
4.2
1.7
2.9
1
3.1
1.5
1.8
1.8
1.5
3.2
0.7
2.1
1.9
3
2.5
3.4
1.9
1.2
0.8
4
1.2
2.8
2.9
1.6
2.3
2
2.8
1.9
2.4
2.2
0.7
0.8
3.5
2.4
1.5
1.8
3.3
2.5
0.4
2.1
1.8
2.3
2.5
1.4
1.8
1
4.2
2.2
2.4
4
3.4
1.1
2.1
4.3
1.2
2.4
2.8
2.8
2.6
2.2
1.8
2.7
2.3
1.6
0
1.1
2
0.9
3.4
2.2
2.9
1.9
1.8
3.4
0.9
0.7
3.1
1.1
2.4
1.5
2.4
2.8
1.7
3.6
1.2
1.8
2.7
1.2
1.3
]
