"N_MACHINES:20	N_JOBS:300	CHARGING_TIME:60	INITIAL_CHARGE:10"
D:[
48
33
34
15
16
66
53
15
33
38
32
35
30
31
44
37
40
21
23
13
25
44
27
31
51
40
24
7
34
41
26
49
41
18
21
47
27
0
22
35
6
26
13
44
39
16
31
37
33
41
53
16
42
24
28
36
18
22
25
50
1
36
10
57
40
37
32
37
37
19
25
33
36
32
26
48
35
10
34
27
50
46
25
31
40
43
59
28
28
30
58
23
28
14
17
15
22
9
30
41
9
15
21
40
41
55
46
19
30
28
44
24
36
12
52
20
31
48
63
38
37
28
14
16
36
32
16
45
25
49
33
2
9
40
24
27
16
33
72
57
28
33
23
24
0
40
6
36
34
32
11
25
21
26
0
31
18
36
37
53
19
42
18
0
46
33
38
23
27
40
41
12
34
47
39
16
15
52
27
0
63
27
29
10
48
51
25
44
48
26
27
33
15
28
1
66
32
55
26
34
31
49
51
27
38
32
21
26
32
34
41
30
30
27
26
48
42
20
12
58
71
23
3
59
40
32
31
51
6
48
22
33
45
27
23
45
18
40
45
38
48
53
22
27
1
19
12
56
53
58
0
0
42
35
33
34
15
42
54
27
20
38
46
26
33
9
45
25
21
25
8
41
15
50
45
11
22
10
22
22
37
37
48
39
20
38
33
25
36
55
54
41
16
32
0
6
28
19
11
42
]
w:[
2.4
3.3
1.5
2.7
1.8
3
2.3
2.8
2.5
1.3
2.6
1.8
1.6
1.1
0.4
0.8
1.4
2.6
1.9
1.5
1.1
1.7
0.2
2.9
2.1
1.9
0.7
3.7
0.6
2.7
0.4
2.2
1.7
2.3
1.4
1.2
1.8
2
2
2.5
1
1.4
1.8
1.7
1.6
2
1.2
1.8
0
1.1
1.8
0.1
1.7
1.4
0
3.6
2.2
2.9
0.1
1.9
4
0.4
1.5
1.6
0.2
3
1.1
3.4
2.3
2.7
1.7
4.3
1.8
0.6
3.6
0
3.2
3.5
2.5
3.2
3.3
0.8
2.7
2.1
1
2.5
2.5
0.8
2.7
0.7
2.5
1.7
0.3
1
0
2.2
1.1
1.8
2
2.8
1.7
2
2.5
0.6
1.1
2.6
2.2
1
3.5
1.5
3
2.4
3.8
1.5
2.5
2.7
3.4
1.7
3.4
3.6
1
2.3
2.8
0.9
1.3
0.5
1.8
2
3.7
1.7
2.4
1.9
1.7
3.1
3.1
1.5
2.5
3.5
2.6
1
1.4
0.7
1.6
2.8
2.7
1.3
1.7
1.1
0.1
2.1
1.3
3.1
2.9
0.8
3.4
2.3
1.4
2.2
2.9
2.5
2.2
2.5
0.6
0.5
1.4
1.7
0.7
2.2
1.4
3.4
2.7
1.4
1.8
2
2.5
1.5
1.9
3.1
3.1
2.5
2.9
1.9
3.7
1.4
2.7
0.7
1.6
2.2
1.8
2.8
1.9
2.3
2.2
1.5
1.6
0
1
0.3
3.1
2
1.2
0
1.1
3.3
1.9
3.1
2.4
0
2.4
3.2
3
1.7
1.8
4.3
1.2
0.4
0
0.6
1.3
2.9
1.8
0.6
3.8
3.3
3.6
2.1
1.3
1.9
2.3
2.3
0.5
1
2.6
2
2.6
1.8
2.8
2.7
0.8
1.9
2.3
1.5
3.4
2.4
0
0
0.9
0.7
1.7
2.5
1.2
1.4
1.5
0.9
2.5
1.4
1.8
1.5
2.9
0
3.9
0
3.5
3
4
1.3
3.3
3.4
2.7
0
1.1
2.1
1.3
1.7
1.5
1.7
2.2
1.1
0.2
1.7
2.5
1.9
2.3
2.2
1.6
3
2.6
1.9
1.6
2.1
3.4
2.2
2
3.4
1.4
0.3
1.6
2.4
0.8
2.8
]