"N_MACHINES:20	N_JOBS:300	CHARGING_TIME:60	INITIAL_CHARGE:10"
D:[
27
19
33
14
38
10
44
59
40
30
24
13
22
22
43
29
31
23
39
46
16
41
48
23
27
9
30
45
29
41
39
23
16
47
45
10
22
80
21
8
0
41
54
24
36
8
25
18
47
48
45
30
71
34
35
26
40
57
36
30
50
18
36
40
27
27
37
6
22
35
60
47
27
3
15
37
16
17
40
34
27
33
63
20
24
15
0
19
24
35
29
0
32
43
44
28
34
9
16
10
24
49
21
60
32
17
0
35
47
41
31
34
13
34
30
40
36
40
43
10
10
31
37
28
18
18
6
0
46
29
20
28
26
46
30
50
24
29
36
8
38
38
30
28
42
46
0
19
36
16
53
39
20
18
28
11
61
45
34
38
30
41
41
38
31
3
14
8
31
24
50
52
46
14
47
20
36
4
28
57
23
39
28
20
8
62
41
30
34
18
16
29
11
67
34
25
42
41
13
52
19
23
41
27
30
41
16
43
16
12
43
36
27
59
42
25
32
41
27
0
46
44
0
9
24
40
53
28
18
12
30
21
46
47
12
50
3
33
38
9
0
29
30
21
37
24
23
29
25
42
24
13
45
17
61
20
12
25
47
0
42
47
15
44
32
29
12
24
33
30
39
24
46
33
15
31
37
7
37
15
23
28
26
50
35
32
13
28
26
11
10
51
29
37
38
25
18
42
35
9
]
w:[
2.2
0.8
0.8
1
0.2
0.6
0.9
1.1
1.7
1.1
1
1
1
1.1
0.8
1.6
1.5
0.3
0.9
0.6
0.2
1
1.6
2
1.4
2.5
0.8
1
0.8
1.2
0.5
1.3
0.4
0.1
1
0.7
1.3
1.4
0.6
1.4
0.8
0.9
1.1
1.1
1.2
0.5
0.7
0.7
1.2
1.3
0.8
1.2
0.5
1.3
1.3
0.7
0.3
0.5
0.7
0.8
0.9
0
1.1
1.1
1
1.8
0.6
0.5
0.8
0.5
0.8
0.5
0.5
0.1
1.3
1.1
0.5
1.1
1.2
1.3
0.8
1.4
1
0.9
0.4
1.7
0.4
1.6
0.9
0.9
0.7
0.7
0.4
1
0.7
0.7
0.4
1.3
1.3
1.2
1.6
0.7
0.7
2
1.4
0.2
0.8
0.9
1.1
0.8
0.4
1.6
1.1
0.6
1.1
0.5
0.9
1.2
0.9
1.2
1.4
1.3
0.4
0.9
1.7
1.3
0.9
0.3
1.9
0.5
1.1
0.8
0.8
0.6
1.3
2.3
0.5
0.9
1.4
0.9
0.6
1.7
1
0
1.4
1.1
0.9
0.6
1.1
0.7
0
1.1
0.5
1.3
0.7
0.7
0.9
1.7
0.3
0.9
1.9
0.7
1.4
0.9
1.2
0
1
1.2
0.3
1.3
1.1
1.3
1.4
1.2
1.2
1.1
0.9
1.4
1
1
1.2
0.7
0.6
0.8
0.8
1.2
1.5
2.1
0.8
0
0
0.5
0.8
1.2
0.7
2
1.1
1.4
1
0.9
0.8
1.4
1.7
0.7
1.2
1.8
0.4
0.3
0.8
1.5
0.5
0.8
2
1
0.2
1.7
0.8
0.6
1.5
0.6
1.1
1.6
0.2
0.8
1.1
0.9
2.5
1.7
0.9
1.6
1.3
1.1
1.3
1.1
0.8
1.4
0.9
0.4
1.4
1.1
0.1
1.2
1
0.5
1.2
0.9
1.3
1.8
1.3
0.3
0.9
0.8
1.2
1
0.3
1.4
0.8
1.1
1.2
1.5
0.5
0.3
0.7
0.5
0.8
0.6
0.9
0.3
0.4
1.6
0
0.2
1.3
0.4
1.8
0
1.5
1
1.5
0.6
0.2
0.6
1.4
1.1
1.8
1.3
2.1
1.2
1.8
2.1
0.5
1.6
0.4
1
1
0.4
1.2
1.3
1.4
1.3
]
